|Index|Distance|Velocity|
|:-:|:-:|:-:|
|0|-6.27744e+066|-6.27744e+066|
|1|2.00594e-009|2.00594e-006|
|2|6.01782e-008|2.80832e-005|
|3|3.59063e-007|9.82911e-005|
|4|1.0792e-006|0.000188558|
|5|2.1604e-006|0.000226671|
|6|3.06107e-006|9.22733e-005|
|7|2.51746e-006|-0.000383135|
|8|-1.69703e-006|-0.00141619|
|9|-1.30125e-005|-0.00327169|
|10|-3.63035e-005|-0.00626255|
|11|-7.81294e-005|-0.0107498|
|12|-0.000146975|-0.0171428|
|13|-0.000253493|-0.0258987|
|14|-0.00041074|-0.0375231|
|15|-0.000634425|-0.0525697|
|16|-0.000943141|-0.0716402|
|17|-0.00135861|-0.0953845|
|18|-0.00190594|-0.124501|
|19|-0.00261382|-0.159735|
|20|-0.00351481|-0.201882|
|21|-0.00464556|-0.251784|
|22|-0.00604705|-0.310331|
|23|-0.00776484|-0.378463|
|24|-0.00984929|-0.457166|
|25|-0.0123558|-0.547475|
|26|-0.0153452|-0.650474|
|27|-0.0188836|-0.767294|
|28|-0.0230431|-0.899115|
|29|-0.0279018|-1.04716|
|30|-0.0335439|-1.21272|
|31|-0.0400603|-1.3971|
|32|-0.0475486|-1.60168|
|33|-0.0561131|-1.82788|
|34|-0.0658658|-2.07716|
|35|-0.0769258|-2.35106|
|36|-0.08942|-2.65112|
|37|-0.103483|-2.97896|
|38|-0.119259|-3.33625|
|39|-0.136898|-3.72469|
|40|-0.15656|-4.14604|
|41|-0.178416|-4.60211|
|42|-0.202642|-5.09474|
|43|-0.229428|-5.62584|
|44|-0.258968|-6.19737|
|45|-0.291472|-6.81131|
|46|-0.327155|-7.46971|
|47|-0.366247|-8.17467|
|48|-0.408983|-8.92833|
|49|-0.455615|-9.73289|
|50|-0.506401|-10.5906|
|51|-0.561613|-11.5037|
|52|-0.621534|-12.4745|
|53|-0.686458|-13.5055|
|54|-0.756693|-14.599|
|55|-0.832557|-15.7576|
|56|-0.914382|-16.9838|
|57|-1.00251|-18.2801|
|58|-1.0973|-19.6492|
|59|-1.19913|-21.0937|
|60|1.56265|26.0254|
|61|1.69719|27.8032|
|62|1.84083|29.6706|
|63|1.99405|31.6303|
|64|2.15729|33.6854|
|65|2.33106|35.8388|
|66|2.51585|38.0936|
|67|2.71217|40.4529|
|68|2.92056|42.9198|
|69|3.14156|45.4976|
|70|3.37572|48.1894|
|71|3.62365|50.9986|
|72|3.88591|53.9284|
|73|4.16314|56.9824|
|74|4.45595|60.1639|
|75|4.76499|63.4764|
|76|5.09094|66.9234|
|77|5.43446|70.5085|
|78|5.79626|74.2353|
|79|6.17705|78.1076|
|80|6.57758|82.129|
|81|6.9986|86.3033|
|82|7.44088|90.6343|
|83|7.90521|95.1259|
|84|8.39241|99.7821|
|85|8.90331|104.607|
|86|9.43876|109.604|
|87|9.99964|114.777|
|88|10.5868|120.132|
|89|11.2013|125.671|
|90|11.7406|128.117|
|91|12.3948|133.583|
|92|13.0767|139.2|
|93|13.7871|144.97|
|94|14.5267|150.894|
|95|15.2963|156.974|
|96|16.0967|163.21|
|97|16.9286|169.604|
|98|17.793|176.158|
|99|18.6905|182.871|
|100|19.622|189.746|
|101|20.5882|196.784|
|102|21.5901|203.984|
|103|22.6283|211.349|
|104|23.7038|218.879|
|105|24.8174|226.574|
|106|25.9699|234.436|
|107|27.162|242.466|
|108|28.3948|250.664|
|109|29.669|259.03|
|110|30.9854|267.566|
|111|32.3449|276.271|
|112|33.7484|285.147|
|113|35.1967|294.194|
|114|36.6906|303.411|
|115|38.2311|312.8|
|116|39.8189|322.361|
|117|41.455|332.094|
|118|43.1401|341.999|
|119|44.9772|354.993|
|120|46.7787|365.656|
|121|48.6341|376.535|
|122|50.5444|387.632|
|123|52.5108|398.951|
|124|54.5343|410.495|
|125|56.6161|422.266|
|126|58.7573|434.269|
|127|60.9592|446.505|
|128|63.2228|458.979|
|129|65.5494|471.693|
|130|67.9401|484.652|
|131|70.3963|497.857|
|132|72.9191|511.313|
|133|75.5098|525.023|
|134|78.1698|538.99|
|135|80.9002|553.219|
|136|83.7024|567.712|
|137|86.5778|582.474|
|138|89.5276|597.508|
|139|92.5533|612.817|
|140|95.6562|628.406|
|141|98.8378|644.279|
|142|102.1|660.439|
|143|105.443|676.89|
|144|108.869|693.636|
|145|112.38|710.682|
|146|115.976|728.031|
|147|119.66|745.687|
|148|123.434|763.655|
|149|127.297|781.939|
|150|131.254|800.543|
|151|135.303|819.472|
|152|139.449|838.729|
|153|143.691|858.32|
|154|148.033|878.248|
|155|152.474|898.519|
|156|157.018|919.136|
|157|161.666|940.105|
|158|166.42|961.429|
|159|171.281|983.115|
|160|176.252|1005.17|
|161|181.333|1027.59|
|162|186.528|1050.38|
|163|191.838|1073.56|
|164|197.264|1097.12|
|165|202.81|1121.07|
|166|208.476|1145.42|
|167|214.265|1170.17|
|168|220.178|1195.32|
|169|226.219|1220.88|
|170|232.388|1246.86|
|171|238.688|1273.26|
|172|245.121|1300.08|
|173|251.689|1327.34|
|174|258.395|1355.04|
|175|265.241|1383.17|
|176|272.228|1411.76|
|177|279.359|1440.8|
|178|286.636|1470.3|
|179|290.907|1448.19|
|180|298.215|1475.07|
|181|305.658|1502.24|
|182|313.238|1529.72|
|183|320.956|1557.49|
|184|328.813|1585.56|
|185|336.812|1613.93|
|186|344.953|1642.59|
|187|353.238|1671.55|
|188|361.669|1700.8|
|189|370.247|1730.36|
|190|378.973|1760.2|
|191|387.849|1790.35|
|192|396.877|1820.78|
|193|406.058|1851.51|
|194|415.393|1882.54|
|195|424.883|1913.85|
|196|434.532|1945.46|
|197|444.339|1977.36|
|198|454.306|2009.55|
|199|464.435|2042.03|
|200|474.726|2074.8|
|201|485.183|2107.85|
|202|495.805|2141.19|
|203|506.595|2174.82|
|204|517.554|2208.73|
|205|528.683|2242.93|
|206|539.984|2277.4|
|207|551.458|2312.16|
|208|563.239|2350.13|
|209|575.078|2385.85|
|210|587.098|2421.9|
|211|599.298|2458.27|
|212|611.681|2494.97|
|213|624.248|2531.98|
|214|637.001|2569.33|
|215|649.942|2607|
|216|663.072|2645|
|217|676.392|2683.33|
|218|689.906|2721.99|
|219|703.613|2760.98|
|220|717.516|2800.31|
|221|731.617|2839.97|
|222|745.916|2879.97|
|223|760.412|2920.21|
|224|775.114|2960.86|
|225|790.021|3001.84|
|226|805.133|3043.16|
|227|820.453|3084.82|
|228|835.982|3126.82|
|229|851.722|3169.15|
|230|867.674|3211.83|
|231|883.841|3254.84|
|232|900.223|3298.2|
|233|916.823|3341.89|
|234|933.643|3385.93|
|235|950.683|3430.31|
|236|967.946|3475.03|
|237|985.434|3520.1|
|238|1003.15|3565.51|
|239|1021.09|3611.27|
|240|1039.26|3657.37|
|241|1057.66|3703.82|
|242|1076.3|3750.62|
|243|1095.17|3797.76|
|244|1114.28|3845.26|
|245|1133.62|3893.11|
|246|1153.21|3941.3|
|247|1173.04|3989.85|
|248|1193.11|4038.75|
|249|1213.43|4088|
|250|1233.99|4137.6|
|251|1254.8|4187.56|
|252|1275.87|4237.87|
|253|1297.16|4288.51|
|254|1318.73|4339.53|
|255|1340.55|4390.91|
|256|1362.64|4442.65|
|257|1384.98|4494.75|
|258|1407.58|4547.21|
|259|1430.45|4600.03|
|260|1453.59|4653.2|
|261|1476.98|4706.74|
|262|1500.65|4760.64|
|263|1524.59|4814.9|
|264|1548.8|4869.53|
|265|1573.29|4924.52|
|266|1598.05|4979.88|
|267|1623.09|5035.6|
|268|1648.38|5091.65|
|269|1673.98|5148.11|
|270|1699.86|5204.93|
|271|1726.03|5262.12|
|272|1752.49|5319.68|
|273|1779.23|5377.6|
|274|1806.26|5435.9|
|275|1833.59|5494.57|
|276|1861.21|5553.62|
|277|1889.13|5613.03|
|278|1917.34|5672.82|
|279|1945.85|5732.98|
|280|1974.67|5793.52|
|281|2003.79|5854.43|
|282|2033.22|5915.72|
|283|2062.92|5977.35|
|284|2092.96|6039.39|
|285|2123.31|6101.81|
|286|2153.98|6164.61|
|287|2184.96|6227.79|
|288|2216.26|6291.35|
|289|2247.87|6355.29|
|290|2279.81|6419.62|
|291|2312.07|6484.32|
|292|2344.65|6549.41|
|293|2377.56|6614.89|
|294|2410.8|6680.75|
|295|2444.37|6746.99|
|296|2478.27|6813.62|
|297|2512.51|6880.64|
|298|2547.08|6948.05|
|299|2581.99|7015.84|
|300|2617.24|7084.02|
|301|2652.83|7152.59|
|302|2688.77|7221.56|
|303|2725.05|7290.91|
|304|2761.68|7360.66|
|305|2798.65|7430.8|
|306|2835.98|7501.33|
|307|2873.67|7572.26|
|308|2911.71|7643.58|
|309|2950.1|7715.29|
|310|2988.86|7787.41|
|311|3027.98|7859.92|
|312|3067.57|7932.94|
|313|3107.42|8006.25|
|314|3147.63|8079.95|
|315|3188.22|8154.06|
|316|3229.17|8228.56|
|317|3270.5|8303.47|
|318|3312.21|8378.78|
|319|3354.29|8454.49|
|320|3396.75|8530.61|
|321|3439.6|8607.12|
|322|3482.83|8684.05|
|323|3526.44|8761.38|
|324|3570.44|8839.11|
|325|3614.83|8917.26|
|326|3659.61|8995.81|
|327|3704.78|9074.76|
|328|6.40226e+298|1.#INF|
|329|-8.56729e+123|-8.56729e+123|
|330|-8.56729e+123|-8.56729e+123|
|331|-8.56729e+123|-8.56729e+123|
|332|-8.56729e+123|-8.56729e+123|
|333|-9.25608e+061|-8.56728e+123|
|334|8.55342e+303|5.12181e+303|
|335|-8.56729e+123|-8.56729e+123|
|336|-8.56729e+123|-8.56729e+123|
|337|-8.56729e+123|-8.56729e+123|
|338|-8.56729e+123|-8.56729e+123|
|339|-8.56729e+123|-8.56729e+123|
|340|-8.56729e+123|-8.56729e+123|
|341|-8.56729e+123|-8.56729e+123|
|342|-8.56729e+123|-8.56729e+123|
|343|-8.56729e+123|-8.56729e+123|
|344|-8.56729e+123|-8.56729e+123|
|345|-1.93074e+054|-1.15893e+057|
|346|-1.0727e+119|-4.29437e+121|
|347|-4.29796e+119|-8.61026e+121|
|348|-9.68657e+119|-1.29478e+122|
|349|-1.72494e+120|-1.73071e+122|
|350|-2.69973e+120|-2.16882e+122|
|351|-3.89412e+120|-2.60912e+122|
|352|-5.30922e+120|-3.05164e+122|
|353|-6.94613e+120|-3.49637e+122|
|354|-8.80596e+120|-3.94332e+122|
|355|-1.08898e+121|-4.39252e+122|
|356|-1.31988e+121|-4.84396e+122|
|357|356.498|300|
|358|1.5|300|
|359|3|300|
|360|4.5|300|
|361|6|300|
|362|7.5|300|
|363|9|300|
|364|10.5|300|
|365|12|300|
|366|13.5|300|
|367|15|300|
|368|16.5|300|
|369|18|300|
|370|19.5|300|
|371|21|300|
|372|22.5|300|
|373|24|300|
|374|25.5|300|
|375|27|300|
|376|28.5|300|
|377|30|300|
|378|31.5|300|
|379|33|300|
|380|34.5|300|
|381|36|300|
|382|37.5|300|
|383|39|300|
|384|40.5|300|
|385|42|300|
|386|43.5|300|
|387|45|300|
|388|46.5|300|
|389|48|300|
|390|49.5|300|
|391|51|300|
|392|52.5|300|
|393|54|300|
|394|55.5|300|
|395|57|300|
|396|58.5|300|
|397|60|300|
|398|61.5|300|
|399|63|300|
|400|64.5|300|
|401|66|300|
|402|67.5|300|
|403|69|300|
|404|70.5|300|
|405|72|300|
|406|73.5|300|
|407|75|300|
|408|76.5|300|
|409|78|300|
|410|79.5|300|
|411|81|300|
|412|82.5|300|
|413|84|300|
|414|85.5|300|
|415|87|300|
|416|88.5|300|
|417|90|300|
|418|91.5|300|
|419|93|300|
|420|94.5|300|
|421|96|300|
|422|97.5|300|
|423|99|300|
|424|100.5|300|
|425|102|300|
|426|103.5|300|
|427|105|300|
|428|106.5|300|
|429|108|300|
|430|109.5|300|
|431|111|300|
|432|112.5|300|
|433|114|300|
|434|115.5|300|
|435|117|300|
|436|118.5|300|
|437|120|300|
|438|121.5|300|
|439|123|300|
|440|124.5|300|
|441|126|300|
|442|127.5|300|
|443|129|300|
|444|130.5|300|
|445|132|300|
|446|133.5|300|
|447|135|300|
|448|136.5|300|
|449|138|300|
|450|139.5|300|
|451|141|300|
|452|142.5|300|
|453|144|300|
|454|145.5|300|
|455|147|300|
|456|148.5|300|
|457|150|300|
|458|151.5|300|
|459|153|300|
|460|154.5|300|
|461|156|300|
|462|157.5|300|
|463|159|300|
|464|160.5|300|
|465|162|300|
|466|163.5|300|
|467|165|300|
|468|166.5|300|
|469|168|300|
|470|169.5|300|
|471|171|300|
|472|172.5|300|
|473|174|300|
|474|175.5|300|
|475|177|300|
|476|178.5|300|
|477|180|300|
|478|181.5|300|
|479|183|300|
|480|184.5|300|
|481|186|300|
|482|187.5|300|
|483|189|300|
|484|190.5|300|
|485|192|300|
|486|193.5|300|
|487|195|300|
|488|196.5|300|
|489|198|300|
|490|199.5|300|
|491|201|300|
|492|202.5|300|
|493|204|300|
|494|205.5|300|
|495|207|300|
|496|208.5|300|
|497|210|300|
|498|211.5|300|
|499|213|300|
|500|214.5|300|
|501|216|300|
|502|217.5|300|
|503|219|300|
|504|220.5|300|
|505|222|300|
|506|223.5|300|
|507|225|300|
|508|226.5|300|
|509|228|300|
|510|229.5|300|
|511|231|300|
|512|232.5|300|
|513|234|300|
|514|235.5|300|
|515|237|300|
|516|238.5|300|
|517|240|300|
|518|241.5|300|
|519|243|300|
|520|244.5|300|
|521|246|300|
|522|247.5|300|
|523|249|300|
|524|250.5|299.999|
|525|252|299.999|
|526|253.5|299.999|
|527|255|299.999|
|528|256.5|299.999|
|529|258|299.998|
|530|259.5|299.998|
|531|261|299.998|
|532|262.5|299.997|
|533|264|299.997|
|534|265.5|299.996|
|535|267|299.996|
|536|268.5|299.995|
|537|270|299.994|
|538|271.5|299.993|
|539|273|299.993|
|540|274.5|299.992|
|541|276|299.991|
|542|277.5|299.989|
|543|279|299.988|
|544|280.5|299.987|
|545|282|300|
|546|283.5|300|
|547|285|300|
|548|286.5|300|
|549|288|300|
|550|289.5|300|
|551|291|300|
|552|292.5|300|
|553|294|300|
|554|295.5|300|
|555|297|300|
|556|298.5|300|
|557|300|300|
|558|301.5|300|
|559|303|300|
|560|304.5|300|
|561|306|300|
|562|307.5|300|
|563|309|300|
|564|310.5|299.999|
|565|312|299.999|
|566|313.5|299.998|
|567|315|299.998|
|568|316.5|299.998|
|569|318|299.997|
|570|319.5|299.997|
|571|321|299.997|
|572|322.5|299.996|
|573|324|299.995|
|574|325.5|299.995|
|575|327|299.994|
|576|328.5|299.993|
|577|330|299.992|
|578|331.5|299.991|
|579|333|299.99|
|580|334.5|299.989|
|581|336|299.988|
|582|337.499|299.987|
|583|338.999|299.986|
|584|340.499|299.984|
|585|341.999|299.983|
|586|343.499|299.981|
|587|344.999|299.979|
|588|346.499|299.977|
|589|347.999|299.975|
|590|349.499|299.973|
|591|350.999|299.971|
|592|352.498|299.969|
|593|353.998|299.966|
|594|355.498|299.964|
|595|356.998|299.961|
|596|358.498|299.959|
|597|359.997|299.956|
|598|361.497|299.953|
|599|362.997|299.949|
|600|364.497|299.946|
|601|365.996|299.942|
|602|367.496|299.939|
|603|368.996|299.935|
|604|370.496|299.931|
|605|371.995|299.927|
|606|373.495|299.923|
|607|374.994|299.918|
|608|376.494|299.914|
|609|377.994|299.909|
|610|379.493|299.904|
|611|380.993|299.899|
|612|382.492|299.893|
|613|383.992|299.888|
|614|385.491|299.882|
|615|386.99|299.876|
|616|388.49|299.87|
|617|389.989|299.864|
|618|391.488|299.858|
|619|392.988|299.851|
|620|394.486|299.829|
|621|395.985|299.821|
|622|397.485|299.812|
|623|398.984|299.802|
|624|400.483|299.793|
|625|401.981|299.783|
|626|403.48|299.772|
|627|404.979|299.761|
|628|406.478|299.75|
|629|407.977|299.738|
|630|409.475|299.726|
|631|410.974|299.714|
|632|412.472|299.7|
|633|413.971|299.687|
|634|415.469|299.673|
|635|416.968|299.659|
|636|418.466|299.644|
|637|419.964|299.628|
|638|421.462|299.612|
|639|422.96|299.597|
|640|6.40226e+298|1.#INF|
|641|-8.56729e+123|-8.56729e+123|
|642|-8.56729e+123|-8.56729e+123|
|643|-8.56729e+123|-8.56729e+123|
|644|-8.56729e+123|-8.56729e+123|
|645|-8.56729e+123|-8.56729e+123|
|646|-1.#QNAN|-1.#QNAN|
|647|6.40226e+298|7.42663e+303|
|648|-2.27235e+062|-2.27235e+062|
|649|-8.56729e+123|-8.56729e+123|
|650|-8.56729e+123|-8.56729e+123|
|651|-8.56729e+123|-8.56729e+123|
|652|-8.56729e+123|-8.56729e+123|
|653|-8.56729e+123|-8.56729e+123|
|654|-8.56729e+123|-8.56729e+123|
|655|-8.56729e+123|-8.56729e+123|
|656|-8.56729e+123|-8.56729e+123|
|657|450|300|
|658|1.5|300|
|659|3|300|
|660|4.5|300|
|661|6|300|
|662|7.5|300|
|663|9|300|
|664|10.5|300|
|665|12|300|
|666|13.5|300|
|667|15|300|
|668|16.5|300|
|669|18|300|
|670|19.5|300|
|671|20.001|300|
|672|1.5|300|
|673|3|300|
|674|4.5|300|
|675|6|300|
|676|7.5|300|
|677|9|300|
|678|10.5|300|
|679|12|300|
|680|13.5|300|
|681|15|300|
|682|16.5|300|
|683|18|300|
|684|19.5|300|
|685|21|300|
|686|22.5|300|
|687|24|300|
|688|25.5|300|
|689|27|300|
|690|28.5|300|
|691|30|300|
|692|1.5|300|
|693|3|300|
|694|4.5|300|
|695|6|300|
|696|7.5|300|
|697|9|300|
|698|10.5|300|
|699|12|300|
|700|13.5|300|
|701|15|300|
|702|16.5|300|
|703|18|300|
|704|19.5|300|
|705|21|300|
|706|22.5|300|
|707|24|300|
|708|25.5|300|
|709|27|300|
|710|28.5|300|
|711|30|300|
|712|31.5|300|
|713|33|300|
|714|34.5|300|
|715|36|300|
|716|37.5|300|
|717|39|300|
|718|40.5|300|
|719|42|300|
|720|43.5|300|
|721|45|300|
|722|46.5|300|
|723|48|300|
|724|49.5|300|
|725|51|300|
|726|52.5|300|
|727|54|300|
|728|55.5|300|
|729|57|300|
|730|58.5|300|
|731|60|300|
|732|61.5|300|
|733|63|300|
|734|64.5|300|
|735|66|300|
|736|67.5|300|
|737|69|300|
|738|70.5|300|
|739|72|300|
|740|73.5|300|
|741|75|300|
|742|76.5|300|
|743|78|300|
|744|79.5|300|
|745|81|300|
|746|82.5|300|
|747|84|300|
|748|85.5|300|
|749|87|300|
|750|88.5|300|
|751|90|300|
|752|91.5|300|
|753|93|300|
|754|94.5|300|
|755|96|300|
|756|97.5|300|
|757|99|300|
|758|100.5|300|
|759|102|300|
|760|103.5|300|
|761|105|300|
|762|106.5|300|
|763|108|300|
|764|109.5|300|
|765|111|300|
|766|112.5|300|
|767|114|300|
|768|115.5|300|
|769|117|300|
|770|118.5|300|
|771|120|300|
|772|121.5|300|
|773|123|300|
|774|124.5|300|
|775|126|300|
|776|127.5|300|
|777|129|300|
|778|130.5|300|
|779|132|300|
|780|133.5|300|
|781|135|300|
|782|136.5|300|
|783|138|300|
|784|139.5|300|
|785|141|300|
|786|142.5|300|
|787|144|300|
|788|145.5|300|
|789|147|300|
|790|148.5|300|
|791|150|300|
|792|151.5|300|
|793|153|300|
|794|154.5|300|
|795|156|300|
|796|157.5|300|
|797|159|300|
|798|160.5|300|
|799|162|300|
|800|163.5|300|
|801|165|300|
|802|166.5|300|
|803|168|300|
|804|169.5|300|
|805|171|300|
|806|172.5|300|
|807|174|300|
|808|175.5|300|
|809|177|300|
|810|178.5|300|
|811|180|300|
|812|181.5|300|
|813|183|300|
|814|184.5|300|
|815|186|300|
|816|187.5|300|
|817|189|300|
|818|190.5|300|
|819|192|300|
|820|193.5|300|
|821|195|300|
|822|196.5|300|
|823|198|300|
|824|199.5|300|
|825|201|300|
|826|202.5|300|
|827|204|300|
|828|205.5|300|
|829|207|300|
|830|208.5|300|
|831|210|300|
|832|211.5|300|
|833|213|300|
|834|214.5|300|
|835|216|300|
|836|217.5|300|
|837|219|300|
|838|220.5|300|
|839|222|300|
|840|223.5|300|
|841|225|300|
|842|226.5|300|
|843|228|300|
|844|229.5|300|
|845|231|300|
|846|232.5|300|
|847|234|300|
|848|235.5|300|
|849|237|300|
|850|238.5|300|
|851|240|300|
|852|241.5|300|
|853|243|300|
|854|244.5|300|
|855|246|300|
|856|247.5|300|
|857|249|300|
|858|250.5|299.999|
|859|252|299.999|
|860|253.5|299.999|
|861|255|299.999|
|862|256.5|299.999|
|863|258|299.999|
|864|259.5|299.998|
|865|261|299.998|
|866|262.5|299.998|
|867|264|299.997|
|868|265.5|299.997|
|869|267|299.996|
|870|268.5|299.996|
|871|270|299.995|
|872|271.5|299.994|
|873|273|299.994|
|874|274.5|299.993|
|875|276|299.992|
|876|277.5|299.991|
|877|279|299.99|
|878|280.5|299.989|
|879|282|300|
|880|283.5|300|
|881|285|300|
|882|286.5|300|
|883|288|300|
|884|289.5|300|
|885|291|300|
|886|292.5|300|
|887|294|300|
|888|295.5|300|
|889|297|300|
|890|298.5|300|
|891|300|300|
|892|301.5|300|
|893|303|300|
|894|304.5|300|
|895|306|300|
|896|307.5|300|
|897|309|300|
|898|310.5|299.999|
|899|312|299.999|
|900|313.5|299.999|
|901|315|299.998|
|902|316.5|299.998|
|903|318|299.998|
|904|319.5|299.997|
|905|321|299.997|
|906|322.5|299.997|
|907|324|299.996|
|908|325.5|299.995|
|909|327|299.995|
|910|328.5|299.994|
|911|330|299.993|
|912|331.5|299.992|
|913|333|299.991|
|914|334.5|299.99|
|915|336|299.989|
|916|337.5|299.989|
|917|338.999|299.987|
|918|340.499|299.986|
|919|341.999|299.985|
|920|343.499|299.983|
|921|344.999|299.982|
|922|346.499|299.98|
|923|347.999|299.979|
|924|349.499|299.977|
|925|350.999|299.975|
|926|352.499|299.973|
|927|353.998|299.971|
|928|355.498|299.969|
|929|356.998|299.966|
|930|358.498|299.964|
|931|359.998|299.961|
|932|361.498|299.959|
|933|362.997|299.956|
|934|364.497|299.953|
|935|365.997|299.95|
|936|367.497|299.947|
|937|368.996|299.944|
|938|370.496|299.94|
|939|371.996|299.937|
|940|373.495|299.933|
|941|374.995|299.929|
|942|376.495|299.925|
|943|377.994|299.921|
|944|379.494|299.916|
|945|380.994|299.912|
|946|382.493|299.907|
|947|383.993|299.903|
|948|385.492|299.898|
|949|386.992|299.893|
|950|388.491|299.887|
|951|389.99|299.882|
|952|391.49|299.876|
|953|392.989|299.87|
|954|394.488|299.852|
|955|395.987|299.844|
|956|397.487|299.836|
|957|398.986|299.828|
|958|400.485|299.82|
|959|401.984|299.811|
|960|403.483|299.802|
|961|404.982|299.792|
|962|406.481|299.783|
|963|407.98|299.772|
|964|409.479|299.762|
|965|410.977|299.751|
|966|412.476|299.74|
|967|413.975|299.728|
|968|415.473|299.716|
|969|416.972|299.703|
|970|418.47|299.69|
|971|419.969|299.677|
|972|421.467|299.663|
|973|422.965|299.65|
|974|6.40226e+298|1.#INF|
|975|-8.56729e+123|-8.56729e+123|
|976|-8.56729e+123|-8.56729e+123|
|977|-8.56729e+123|-8.56729e+123|
|978|-8.56729e+123|-8.56729e+123|
|979|-8.56729e+123|-8.56729e+123|
|980|-1.#QNAN|-1.#QNAN|
|981|6.40226e+298|7.42663e+303|
|982|-2.27235e+062|-2.27235e+062|
|983|-8.56729e+123|-8.56729e+123|
|984|-8.56729e+123|-8.56729e+123|
|985|-8.56729e+123|-8.56729e+123|
|986|-8.56729e+123|-8.56729e+123|
|987|-8.56729e+123|-8.56729e+123|
|988|-8.56729e+123|-8.56729e+123|
|989|-8.56729e+123|-8.56729e+123|
|990|-8.56729e+123|-8.56729e+123|
|991|450|300|
|992|1.5|300|
|993|3|300|
|994|4.5|300|
|995|6|300|
|996|7.5|300|
|997|9|300|
|998|10.5|300|
|999|12|300|
|1000|13.5|300|
|1001|15|300|
|1002|16.5|300|
|1003|18|300|
|1004|19.5|300|
|1005|21|300|
|1006|22.5|300|
|1007|24|300|
|1008|25.5|300|
|1009|27|300|
|1010|28.5|300|
|1011|30|300|
|1012|31.5|300|
|1013|33|300|
|1014|34.5|300|
|1015|36|300|
|1016|37.5|300|
|1017|39|300|
|1018|40.5|300|
|1019|42|300|
|1020|43.5|300|
|1021|45|300|
|1022|46.5|300|
|1023|48|300|
|1024|49.5|300|
|1025|51|300|
|1026|52.5|300|
|1027|54|300|
|1028|55.5|300|
|1029|57|300|
|1030|58.5|300|
|1031|60|300|
|1032|61.5|300|
|1033|63|300|
|1034|64.5|300|
|1035|66|300|
|1036|67.5|300|
|1037|69|300|
|1038|70.5|300|
|1039|72|300|
|1040|73.5|300|
|1041|75|300|
|1042|76.5|300|
|1043|78|300|
|1044|79.5|300|
|1045|81|300|
|1046|82.5|300|
|1047|84|300|
|1048|85.5|300|
|1049|87|300|
|1050|88.5|300|
|1051|90|300|
|1052|91.5|300|
|1053|93|300|
|1054|94.5|300|
|1055|96|300|
|1056|97.5|300|
|1057|99|300|
|1058|100.5|300|
|1059|102|300|
|1060|103.5|300|
|1061|105|300|
|1062|106.5|300|
|1063|108|300|
|1064|109.5|300|
|1065|111|300|
|1066|112.5|300|
|1067|114|300|
|1068|115.5|300|
|1069|117|300|
|1070|118.5|300|
|1071|120|300|
|1072|121.5|300|
|1073|123|300|
|1074|124.5|300|
|1075|126|300|
|1076|127.5|300|
|1077|129|300|
|1078|130.5|300|
|1079|132|300|
|1080|133.5|300|
|1081|135|300|
|1082|136.5|300|
|1083|138|300|
|1084|139.5|300|
|1085|141|300|
|1086|142.5|300|
|1087|144|300|
|1088|145.5|300|
|1089|147|300|
|1090|148.5|300|
|1091|150|300|
|1092|151.5|300|
|1093|153|300|
|1094|154.5|300|
|1095|156|300|
|1096|157.5|300|
|1097|159|300|
|1098|160.5|300|
|1099|162|300|
|1100|163.5|300|
|1101|165|300|
|1102|166.5|300|
|1103|168|300|
|1104|169.5|300|
|1105|171|300|
|1106|172.5|300|
|1107|174|300|
|1108|175.5|300|
|1109|177|300|
|1110|178.5|300|
|1111|180|300|
|1112|181.5|300|
|1113|183|300|
|1114|184.5|300|
|1115|186|300|
|1116|187.5|300|
|1117|189|300|
|1118|190.5|300|
|1119|192|300|
|1120|193.5|300|
|1121|195|300|
|1122|196.5|300|
|1123|198|300|
|1124|199.5|300|
|1125|201|300|
|1126|202.5|300|
|1127|204|300|
|1128|205.5|300|
|1129|207|300|
|1130|208.5|300|
|1131|210|300|
|1132|211.5|300|
|1133|213|300|
|1134|214.5|300|
|1135|216|300|
|1136|217.5|300|
|1137|219|300|
|1138|220.5|300|
|1139|222|300|
|1140|223.5|300|
|1141|225|300|
|1142|226.5|300|
|1143|228|300|
|1144|229.5|300|
|1145|231|300|
|1146|232.5|300|
|1147|234|300|
|1148|235.5|300|
|1149|237|300|
|1150|238.5|300|
|1151|240|300|
|1152|241.5|300|
|1153|243|300|
|1154|244.5|300|
|1155|246|300|
|1156|247.5|300|
|1157|249|300|
|1158|250.5|300|
|1159|252|300|
|1160|253.5|300|
|1161|255|300|
|1162|256.5|300|
|1163|258|300|
|1164|259.5|300|
|1165|261|300|
|1166|262.5|300|
|1167|264|300|
|1168|265.5|300|
|1169|267|300|
|1170|268.5|300|
|1171|270|300|
|1172|271.5|300|
|1173|273|300|
|1174|274.5|300|
|1175|276|300|
|1176|277.5|300|
|1177|279|299.999|
|1178|280.5|299.999|
|1179|282|299.999|
|1180|283.5|299.999|
|1181|285|299.999|
|1182|286.5|299.998|
|1183|288|299.998|
|1184|289.5|299.998|
|1185|291|299.997|
|1186|292.5|299.997|
|1187|294|299.997|
|1188|295.5|299.996|
|1189|297|299.995|
|1190|298.5|299.995|
|1191|300|299.994|
|1192|301.5|299.993|
|1193|303|299.992|
|1194|304.5|299.991|
|1195|306|299.99|
|1196|307.5|299.989|
|1197|309|299.988|
|1198|310.499|299.986|
|1199|311.999|299.985|
|1200|313.499|299.983|
|1201|314.999|299.982|
|1202|316.5|300|
|1203|318|300|
|1204|319.5|300|
|1205|321|300|
|1206|322.5|300|
|1207|324|300|
|1208|325.5|300|
|1209|327|300|
|1210|328.5|300|
|1211|330|300|
|1212|331.5|300|
|1213|333|300|
|1214|334.5|300|
|1215|336|300|
|1216|337.5|300|
|1217|339|300|
|1218|340.5|300|
|1219|342|300|
|1220|343.5|300|
|1221|345|300|
|1222|346.5|300|
|1223|348|299.999|
|1224|349.5|299.998|
|1225|351|299.998|
|1226|352.5|299.998|
|1227|354|299.997|
|1228|355.5|299.997|
|1229|357|299.996|
|1230|358.5|299.996|
|1231|360|299.995|
|1232|361.5|299.994|
|1233|363|299.993|
|1234|364.5|299.993|
|1235|366|299.992|
|1236|367.5|299.991|
|1237|369|299.989|
|1238|370.5|299.988|
|1239|372|299.987|
|1240|373.499|299.985|
|1241|374.999|299.984|
|1242|376.499|299.982|
|1243|377.999|299.98|
|1244|379.499|299.98|
|1245|380.999|299.978|
|1246|382.499|299.976|
|1247|383.999|299.974|
|1248|385.499|299.972|
|1249|386.998|299.969|
|1250|388.498|299.967|
|1251|389.998|299.965|
|1252|391.498|299.962|
|1253|392.998|299.959|
|1254|394.498|299.956|
|1255|395.997|299.953|
|1256|397.497|299.95|
|1257|398.997|299.947|
|1258|400.497|299.943|
|1259|401.996|299.939|
|1260|403.496|299.936|
|1261|404.996|299.932|
|1262|406.495|299.927|
|1263|407.995|299.923|
|1264|409.494|299.919|
|1265|410.994|299.914|
|1266|412.494|299.909|
|1267|413.993|299.904|
|1268|415.493|299.899|
|1269|416.992|299.894|
|1270|418.492|299.888|
|1271|419.991|299.882|
|1272|421.49|299.876|
|1273|422.99|299.87|
|1274|424.489|299.864|
|1275|425.988|299.857|
|1276|427.488|299.85|
|1277|428.987|299.843|
|1278|430.486|299.836|
|1279|431.985|299.829|
|1280|433.484|299.821|
|1281|434.984|299.813|
|1282|436.483|299.805|
|1283|437.982|299.797|
|1284|439.481|299.788|
|1285|440.979|299.779|
|1286|442.477|299.75|
|1287|443.976|299.739|
|1288|445.475|299.727|
|1289|446.973|299.715|
|1290|448.472|299.702|
|1291|449.97|299.689|
|1292|451.469|299.676|
|1293|452.967|299.662|
|1294|454.466|299.648|
|1295|455.964|299.633|
|1296|457.462|299.618|
|1297|458.96|299.602|
|1298|460.458|299.586|
|1299|461.956|299.569|
|1300|463.454|299.552|
|1301|464.951|299.534|
|1302|466.449|299.515|
|1303|467.946|299.497|
|1304|469.444|299.477|
|1305|470.941|299.457|
|1306|472.438|299.436|
|1307|473.936|299.416|
|1308|6.40226e+298|1.#INF|
|1309|-8.56729e+123|-8.56729e+123|
|1310|-8.56729e+123|-8.56729e+123|
|1311|-8.56729e+123|-8.56729e+123|
|1312|-8.56729e+123|-8.56729e+123|
|1313|3.00607e+130|-8.56728e+123|
|1314|8.27173e+303|5.12181e+303|
|1315|-8.56729e+123|-8.56729e+123|
|1316|-8.56729e+123|-8.56729e+123|
|1317|-8.56729e+123|-8.56729e+123|
|1318|-8.56729e+123|-8.56729e+123|
|1319|-8.56729e+123|-8.56729e+123|
|1320|-8.56729e+123|-8.56729e+123|
|1321|-8.56729e+123|-8.56729e+123|
|1322|-8.56729e+123|-8.56729e+123|
|1323|-8.56729e+123|-8.56729e+123|
|1324|-8.56729e+123|-8.56729e+123|
|1325|2.77679e+064|4.16518e+064|
|1326|-1.0727e+119|-4.29437e+121|
|1327|-4.29796e+119|-8.61026e+121|
|1328|504.606|300|
