|Index|posX|velX|posY|velY|timeX|timeY|IDX|IDY
|:-:|:-:|:-:|:-:|:-:|:-:|:-:|:-:|:-:|
|0|-5.97871e+298|-5.94897e+298|-5.14105e+298|-5.11547e+298|0.005|0.005|0|0|
|1|-6.00846e+298|-5.94897e+298|-5.16663e+298|-5.11547e+298|0.005|0.005|1|1|
|2|-6.0382e+298|-5.94897e+298|-5.1922e+298|-5.11547e+298|0.005|0.005|2|2|
|3|-6.06795e+298|-5.94897e+298|-5.21778e+298|-5.11547e+298|0.005|0.005|3|3|
|4|-6.09769e+298|-5.94897e+298|-5.24336e+298|-5.11547e+298|0.005|0.005|4|4|
|5|-6.12744e+298|-5.94897e+298|-5.26894e+298|-5.11547e+298|0.005|0.005|5|5|
|6|-6.15718e+298|-5.94897e+298|-5.29451e+298|-5.11547e+298|0.005|0.005|6|6|
|7|-6.18693e+298|-5.94897e+298|-5.32009e+298|-5.11547e+298|0.005|0.005|7|7|
|8|-6.21667e+298|-5.94897e+298|-5.34567e+298|-5.11547e+298|0.005|0.005|8|8|
|9|-6.24642e+298|-5.94897e+298|-5.37125e+298|-5.11547e+298|0.005|0.005|9|9|
|10|-6.27616e+298|-5.94897e+298|-5.39682e+298|-5.11547e+298|0.005|0.005|10|10|
|11|-6.3059e+298|-5.94897e+298|-5.4224e+298|-5.11547e+298|0.005|0.005|11|11|
|12|-6.33565e+298|-5.94897e+298|-5.44798e+298|-5.11547e+298|0.005|0.005|12|12|
|13|-6.36539e+298|-5.94897e+298|-5.47356e+298|-5.11547e+298|0.005|0.005|13|13|
|14|-6.39514e+298|-5.94897e+298|-5.49913e+298|-5.11547e+298|0.005|0.005|14|14|
|15|-6.42488e+298|-5.94897e+298|-5.52471e+298|-5.11547e+298|0.005|0.005|15|15|
|16|-6.45463e+298|-5.94897e+298|-5.55029e+298|-5.11547e+298|0.005|0.005|16|16|
|17|-6.48437e+298|-5.94897e+298|-5.57587e+298|-5.11547e+298|0.005|0.005|17|17|
|18|-6.51412e+298|-5.94897e+298|-5.60144e+298|-5.11547e+298|0.005|0.005|18|18|
|19|-6.54386e+298|-5.94897e+298|-5.62702e+298|-5.11547e+298|0.005|0.005|19|19|
|20|-6.57361e+298|-5.94897e+298|-5.6526e+298|-5.11547e+298|0.005|0.005|20|20|
|21|-6.60335e+298|-5.94897e+298|-5.67817e+298|-5.11547e+298|0.005|0.005|21|21|
|22|-6.6331e+298|-5.94897e+298|-5.70375e+298|-5.11547e+298|0.005|0.005|22|22|
|23|-6.66284e+298|-5.94897e+298|-5.72933e+298|-5.11547e+298|0.005|0.005|23|23|
|24|-6.69259e+298|-5.94897e+298|-5.75491e+298|-5.11547e+298|0.005|0.005|24|24|
|25|-6.72233e+298|-5.94897e+298|-5.78048e+298|-5.11547e+298|0.005|0.005|25|25|
|26|-6.75208e+298|-5.94897e+298|-5.80606e+298|-5.11547e+298|0.005|0.005|26|26|
|27|-6.78182e+298|-5.94897e+298|-5.83164e+298|-5.11547e+298|0.005|0.005|27|27|
|28|-6.81157e+298|-5.94897e+298|-5.85722e+298|-5.11547e+298|0.005|0.005|28|28|
|29|-6.84131e+298|-5.94897e+298|-5.88279e+298|-5.11547e+298|0.005|0.005|29|29|
|30|-6.87106e+298|-5.94897e+298|-5.90837e+298|-5.11547e+298|0.005|0.005|30|30|
|31|-6.9008e+298|-5.94897e+298|-5.93395e+298|-5.11547e+298|0.005|0.005|31|31|
|32|-6.93055e+298|-5.94897e+298|-5.95953e+298|-5.11547e+298|0.005|0.005|32|32|
|33|-6.96029e+298|-5.94897e+298|-5.9851e+298|-5.11547e+298|0.005|0.005|33|33|
|34|-6.99004e+298|-5.94897e+298|-6.01068e+298|-5.11547e+298|0.005|0.005|34|34|
|35|-7.01978e+298|-5.94897e+298|-6.03626e+298|-5.11547e+298|0.005|0.005|35|35|
|36|-7.04953e+298|-5.94897e+298|-6.06184e+298|-5.11547e+298|0.005|0.005|36|36|
|37|-7.07927e+298|-5.94897e+298|-6.08741e+298|-5.11547e+298|0.005|0.005|37|37|
|38|-7.10902e+298|-5.94897e+298|-6.11299e+298|-5.11547e+298|0.005|0.005|38|38|
|39|-7.13876e+298|-5.94897e+298|-6.13857e+298|-5.11547e+298|0.005|0.005|39|39|
|40|-7.16851e+298|-5.94897e+298|-6.16414e+298|-5.11547e+298|0.005|0.005|40|40|
|41|-7.19825e+298|-5.94897e+298|-6.18972e+298|-5.11547e+298|0.005|0.005|41|41|
|42|-7.22799e+298|-5.94897e+298|-6.2153e+298|-5.11547e+298|0.005|0.005|42|42|
|43|-7.25774e+298|-5.94897e+298|-6.24088e+298|-5.11547e+298|0.005|0.005|43|43|
|44|-7.28748e+298|-5.94897e+298|-6.26645e+298|-5.11547e+298|0.005|0.005|44|44|
|45|-7.31723e+298|-5.94897e+298|-6.29203e+298|-5.11547e+298|0.005|0.005|45|45|
|46|-7.34697e+298|-5.94897e+298|-6.31761e+298|-5.11547e+298|0.005|0.005|46|46|
|47|-7.37672e+298|-5.94897e+298|-6.34319e+298|-5.11547e+298|0.005|0.005|47|47|
|48|-7.40646e+298|-5.94897e+298|-6.36876e+298|-5.11547e+298|0.005|0.005|48|48|
|49|-7.43621e+298|-5.94897e+298|-6.39434e+298|-5.11547e+298|0.005|0.005|49|49|
|50|-7.46595e+298|-5.94897e+298|-6.41992e+298|-5.11547e+298|0.005|0.005|50|50|
|51|-7.4957e+298|-5.94897e+298|-6.4455e+298|-5.11547e+298|0.005|0.005|51|51|
|52|-7.52544e+298|-5.94897e+298|-6.47107e+298|-5.11547e+298|0.005|0.005|52|52|
|53|-7.55519e+298|-5.94897e+298|-6.49665e+298|-5.11547e+298|0.005|0.005|53|53|
|54|-7.58493e+298|-5.94897e+298|-6.52223e+298|-5.11547e+298|0.005|0.005|54|54|
|55|-7.61468e+298|-5.94897e+298|-6.54781e+298|-5.11547e+298|0.005|0.005|55|55|
|56|-7.64442e+298|-5.94897e+298|-6.57338e+298|-5.11547e+298|0.005|0.005|56|56|
|57|-7.67417e+298|-5.94897e+298|-6.59896e+298|-5.11547e+298|0.005|0.005|57|57|
|58|-7.70391e+298|-5.94897e+298|-6.62454e+298|-5.11547e+298|0.005|0.005|58|58|
|59|-7.73366e+298|-5.94897e+298|-6.65011e+298|-5.11547e+298|0.005|0.005|59|59|
|60|-7.7634e+298|-5.94897e+298|-6.67569e+298|-5.11547e+298|0.005|0.005|60|60|
|61|-7.79315e+298|-5.94897e+298|-6.70127e+298|-5.11547e+298|0.005|0.005|61|61|
|62|-7.82289e+298|-5.94897e+298|-6.72685e+298|-5.11547e+298|0.005|0.005|62|62|
|63|-7.85264e+298|-5.94897e+298|-6.75242e+298|-5.11547e+298|0.005|0.005|63|63|
|64|-7.88238e+298|-5.94897e+298|-6.778e+298|-5.11547e+298|0.005|0.005|64|64|
|65|-7.91213e+298|-5.94897e+298|-6.80358e+298|-5.11547e+298|0.005|0.005|65|65|
|66|-7.94187e+298|-5.94897e+298|-6.82916e+298|-5.11547e+298|0.005|0.005|66|66|
|67|-7.97162e+298|-5.94897e+298|-6.85473e+298|-5.11547e+298|0.005|0.005|67|67|
|68|-8.00136e+298|-5.94897e+298|-6.88031e+298|-5.11547e+298|0.005|0.005|68|68|
|69|-8.03111e+298|-5.94897e+298|-6.90589e+298|-5.11547e+298|0.005|0.005|69|69|
|70|-8.06085e+298|-5.94897e+298|-6.93147e+298|-5.11547e+298|0.005|0.005|70|70|
|71|-8.0906e+298|-5.94897e+298|-6.95704e+298|-5.11547e+298|0.005|0.005|71|71|
|72|-8.12034e+298|-5.94897e+298|-6.98262e+298|-5.11547e+298|0.005|0.005|72|72|
|73|-8.15008e+298|-5.94897e+298|-7.0082e+298|-5.11547e+298|0.005|0.005|73|73|
|74|-8.17983e+298|-5.94897e+298|-7.03377e+298|-5.11547e+298|0.005|0.005|74|74|
|75|-8.20957e+298|-5.94897e+298|-7.05935e+298|-5.11547e+298|0.005|0.005|75|75|
|76|-8.23932e+298|-5.94897e+298|-7.08493e+298|-5.11547e+298|0.005|0.005|76|76|
|77|-8.26906e+298|-5.94897e+298|-7.11051e+298|-5.11547e+298|0.005|0.005|77|77|
|78|-8.29881e+298|-5.94897e+298|-7.13608e+298|-5.11547e+298|0.005|0.005|78|78|
|79|-8.32855e+298|-5.94897e+298|-7.16166e+298|-5.11547e+298|0.005|0.005|79|79|
|80|-8.3583e+298|-5.94897e+298|-7.18724e+298|-5.11547e+298|0.005|0.005|80|80|
|81|-8.38804e+298|-5.94897e+298|-7.21282e+298|-5.11547e+298|0.005|0.005|81|81|
|82|-8.41779e+298|-5.94897e+298|-7.23839e+298|-5.11547e+298|0.005|0.005|82|82|
|83|-8.44753e+298|-5.94897e+298|-7.26397e+298|-5.11547e+298|0.005|0.005|83|83|
|84|-8.47728e+298|-5.94897e+298|-7.28955e+298|-5.11547e+298|0.005|0.005|84|84|
|85|-8.50702e+298|-5.94897e+298|-7.31513e+298|-5.11547e+298|0.005|0.005|85|85|
|86|-8.53677e+298|-5.94897e+298|-7.3407e+298|-5.11547e+298|0.005|0.005|86|86|
|87|-8.56651e+298|-5.94897e+298|-7.36628e+298|-5.11547e+298|0.005|0.005|87|87|
|88|-8.59626e+298|-5.94897e+298|-7.39186e+298|-5.11547e+298|0.005|0.005|88|88|
|89|1.2125|20.1056|1.04262|17.2886|0.005|0.005|89|89|
|90|1.31642|21.4727|1.13198|18.4642|0.005|0.005|90|90|
|91|1.42734|22.9082|1.22736|19.6986|0.005|0.005|91|91|
|92|1.54562|24.4143|1.32907|20.9937|0.005|0.005|92|92|
|93|1.67161|25.9929|1.4374|22.3511|0.005|0.005|93|93|
|94|1.80567|27.6461|1.55269|23.7727|0.005|0.005|94|94|
|95|1.9482|29.3759|1.67524|25.2601|0.005|0.005|95|95|
|96|2.09956|31.1841|1.8054|26.815|0.005|0.005|96|96|
|97|2.26017|33.0727|1.94351|28.4389|0.005|0.005|97|97|
|98|2.43043|35.0435|2.08991|30.1336|0.005|0.005|98|98|
|99|2.61075|37.0984|2.24496|31.9006|0.005|0.005|99|99|
|100|2.80155|39.2391|2.40904|33.7414|0.005|0.005|100|100|
|101|3.00328|41.4675|2.5825|35.6576|0.005|0.005|101|101|
|102|3.21638|43.7851|2.76574|37.6505|0.005|0.005|102|102|
|103|3.44129|46.1938|2.95914|39.7217|0.005|0.005|103|103|
|104|3.67847|48.6952|3.16309|41.8726|0.005|0.005|104|104|
|105|3.9284|51.2907|3.378|44.1045|0.005|0.005|105|105|
|106|4.19154|53.9822|3.60427|46.4189|0.005|0.005|106|106|
|107|4.46838|56.7709|3.84233|48.8169|0.005|0.005|107|107|
|108|4.75941|59.6586|4.09258|51.3|0.005|0.005|108|108|
|109|5.06513|62.6465|4.35547|53.8693|0.005|0.005|109|109|
|110|5.38605|65.7363|4.63142|56.5261|0.005|0.005|110|110|
|111|5.72267|68.9291|4.92088|59.2716|0.005|0.005|111|111|
|112|6.07551|72.2265|5.22429|62.107|0.005|0.005|112|112|
|113|6.44511|75.6296|5.5421|65.0333|0.005|0.005|113|113|
|114|6.83199|79.1398|5.87478|68.0517|0.005|0.005|114|114|
|115|7.23669|82.7584|6.22277|71.1633|0.005|0.005|115|115|
|116|7.65975|86.4865|6.58657|74.3691|0.005|0.005|116|116|
|117|8.10174|90.3253|6.96662|77.67|0.005|0.005|117|117|
|118|8.57067|94.3177|7.36985|81.1031|0.005|0.005|118|118|
|119|9.05237|98.3817|7.78406|84.5977|0.005|0.005|119|119|
|120|9.55467|102.56|8.21599|88.1904|0.005|0.005|120|120|
|121|10.0782|106.853|8.66613|91.8821|0.005|0.005|121|121|
|122|10.6234|111.263|9.13498|95.674|0.005|0.005|122|122|
|123|11.191|115.79|9.62304|99.5669|0.005|0.005|123|123|
|124|11.7815|120.436|10.1308|103.562|0.005|0.005|124|124|
|125|12.3955|125.202|10.6588|107.661|0.005|0.005|125|125|
|126|13.0337|130.09|11.2076|111.864|0.005|0.005|126|126|
|127|13.6966|135.101|11.7776|116.172|0.005|0.005|127|127|
|128|14.3849|140.236|12.3695|120.588|0.005|0.005|128|128|
|129|15.0992|145.496|12.9837|125.111|0.005|0.005|129|129|
|130|15.8401|150.884|13.6208|129.744|0.005|0.005|130|130|
|131|16.6083|156.401|14.2813|134.488|0.005|0.005|131|131|
|132|17.4043|162.047|14.9659|139.343|0.005|0.005|132|132|
|133|18.229|167.826|15.6749|144.312|0.005|0.005|133|133|
|134|19.0828|173.738|16.4092|149.396|0.005|0.005|134|134|
|135|19.9666|179.784|17.1691|154.595|0.005|0.005|135|135|
|136|20.8809|185.968|17.9553|159.913|0.005|0.005|136|136|
|137|21.8265|192.29|18.7684|165.349|0.005|0.005|137|137|
|138|22.804|198.753|19.609|170.906|0.005|0.005|138|138|
|139|23.8142|205.358|20.4777|176.585|0.005|0.005|139|139|
|140|24.8578|212.106|21.3751|182.388|0.005|0.005|140|140|
|141|25.9355|219|22.3018|188.317|0.005|0.005|141|141|
|142|27.0481|226.042|23.2585|194.372|0.005|0.005|142|142|
|143|28.1962|233.234|24.2457|200.556|0.005|0.005|143|143|
|144|29.3807|240.577|25.2642|206.871|0.005|0.005|144|144|
|145|30.6022|248.074|26.3146|213.317|0.005|0.005|145|145|
|146|31.8617|255.727|27.3976|219.898|0.005|0.005|146|146|
|147|33.1598|263.537|28.5138|226.614|0.005|0.005|147|147|
|148|34.4935|271.492|29.6607|233.454|0.005|0.005|148|148|
|149|35.8713|279.625|30.8454|240.447|0.005|0.005|149|149|
|150|37.2901|287.921|32.0655|247.581|0.005|0.005|150|150|
|151|38.7508|296.384|33.3215|254.858|0.005|0.005|151|151|
|152|40.2542|305.015|34.6143|262.28|0.005|0.005|152|152|
|153|41.8012|313.816|35.9445|269.848|0.005|0.005|153|153|
|154|43.3926|322.79|37.313|277.565|0.005|0.005|154|154|
|155|45.0294|331.938|38.7204|285.431|0.005|0.005|155|155|
|156|46.7123|341.263|40.1676|293.449|0.005|0.005|156|156|
|157|48.4423|350.765|41.6552|301.62|0.005|0.005|157|157|
|158|50.2203|360.447|43.184|309.946|0.005|0.005|158|158|
|159|52.0471|370.312|44.7549|318.428|0.005|0.005|159|159|
|160|53.9237|380.359|46.3686|327.068|0.005|0.005|160|160|
|161|55.851|390.592|48.0258|335.867|0.005|0.005|161|161|
|162|57.8299|401.012|49.7275|344.827|0.005|0.005|162|162|
|163|59.8614|411.62|51.4744|353.949|0.005|0.005|163|163|
|164|61.9464|422.419|53.2673|363.235|0.005|0.005|164|164|
|165|64.0859|433.41|55.107|372.686|0.005|0.005|165|165|
|166|66.2809|444.594|56.9944|382.303|0.005|0.005|166|166|
|167|68.5322|455.972|58.9303|392.087|0.005|0.005|167|167|
|168|70.8409|467.547|60.9156|402.041|0.005|0.005|168|168|
|169|73.208|479.32|62.951|412.164|0.005|0.005|169|169|
|170|75.6344|491.293|65.0375|422.459|0.005|0.005|170|170|
|171|78.1213|503.465|67.1759|432.926|0.005|0.005|171|171|
|172|80.6694|515.84|69.367|443.567|0.005|0.005|172|172|
|173|83.28|528.418|71.6118|454.382|0.005|0.005|173|173|
|174|85.954|541.2|73.9112|465.374|0.005|0.005|174|174|
|175|88.6923|554.188|76.2659|476.542|0.005|0.005|175|175|
|176|91.4962|567.383|78.6769|487.888|0.005|0.005|176|176|
|177|94.3665|580.785|81.1451|499.413|0.005|0.005|177|177|
|178|97.3044|594.397|83.6713|511.118|0.005|0.005|178|178|
|179|100.311|608.219|86.2565|523.003|0.005|0.005|179|179|
|180|103.387|622.253|88.9017|535.071|0.005|0.005|180|180|
|181|106.534|636.498|91.6076|547.32|0.005|0.005|181|181|
|182|109.752|650.957|94.3752|559.753|0.005|0.005|182|182|
|183|113.044|665.63|97.2054|572.37|0.005|0.005|183|183|
|184|116.409|680.518|100.099|585.172|0.005|0.005|184|184|
|185|119.849|695.622|103.057|598.16|0.005|0.005|185|185|
|186|123.366|710.942|106.081|611.334|0.005|0.005|186|186|
|187|126.959|726.48|109.171|624.695|0.005|0.005|187|187|
|188|130.631|742.237|112.328|638.244|0.005|0.005|188|188|
|189|134.382|758.212|115.554|651.981|0.005|0.005|189|189|
|190|138.213|774.406|118.848|665.906|0.005|0.005|190|190|
|191|142.126|790.822|122.213|680.022|0.005|0.005|191|191|
|192|146.122|807.457|125.649|694.327|0.005|0.005|192|192|
|193|150.201|824.315|129.157|708.822|0.005|0.005|193|193|
|194|154.365|841.394|132.738|723.508|0.005|0.005|194|194|
|195|158.615|858.696|136.392|738.386|0.005|0.005|195|195|
|196|162.953|876.22|140.122|753.455|0.005|0.005|196|196|
|197|167.378|893.968|143.927|768.716|0.005|0.005|197|197|
|198|171.893|911.94|147.809|784.17|0.005|0.005|198|198|
|199|176.498|930.135|151.769|799.816|0.005|0.005|199|199|
|200|181.194|948.555|155.808|815.655|0.005|0.005|200|200|
|201|185.984|967.2|159.926|831.688|0.005|0.005|201|201|
|202|190.867|986.069|164.125|847.913|0.005|0.005|202|202|
|203|195.845|1005.16|168.405|864.333|0.005|0.005|203|203|
|204|200.919|1024.48|172.769|880.945|0.005|0.005|204|204|
|205|206.09|1044.03|177.215|897.752|0.005|0.005|205|205|
|206|211.359|1063.8|181.746|914.752|0.005|0.005|206|206|
|207|216.739|1083.82|186.372|931.967|0.005|0.005|207|207|
|208|222.209|1104.04|191.075|949.355|0.005|0.005|208|208|
|209|227.78|1124.49|195.866|966.938|0.005|0.005|209|209|
|210|233.454|1145.16|200.745|984.714|0.005|0.005|210|210|
|211|239.232|1166.06|205.714|1002.68|0.005|0.005|211|211|
|212|245.115|1187.18|210.772|1020.85|0.005|0.005|212|212|
|213|251.104|1208.53|215.922|1039.21|0.005|0.005|213|213|
|214|257.2|1230.11|221.165|1057.76|0.005|0.005|214|214|
|215|263.405|1251.91|226.5|1076.51|0.005|0.005|215|215|
|216|269.72|1273.94|231.93|1095.45|0.005|0.005|216|216|
|217|276.145|1296.2|237.455|1114.59|0.005|0.005|217|217|
|218|282.682|1318.68|243.076|1133.92|0.005|0.005|218|218|
|219|289.332|1341.39|248.795|1153.45|0.005|0.005|219|219|
|220|296.097|1364.33|254.611|1173.18|0.005|0.005|220|220|
|221|302.976|1387.5|260.527|1193.1|0.005|0.005|221|221|
|222|309.972|1410.9|266.543|1213.22|0.005|0.005|222|222|
|223|317.085|1434.53|272.659|1233.54|0.005|0.005|223|223|
|224|324.318|1458.38|278.878|1254.05|0.005|0.005|224|224|
|225|331.67|1482.47|285.2|1274.77|0.005|0.005|225|225|
|226|339.143|1506.79|291.626|1295.68|0.005|0.005|226|226|
|227|346.738|1531.34|298.157|1316.79|0.005|0.005|227|227|
|228|354.457|1556.13|304.795|1338.1|0.005|0.005|228|228|
|229|362.3|1581.15|311.539|1359.62|0.005|0.005|229|229|
|230|370.268|1606.4|318.391|1381.33|0.005|0.005|230|230|
|231|378.364|1631.89|325.352|1403.25|0.005|0.005|231|231|
|232|386.588|1657.61|332.424|1425.37|0.005|0.005|232|232|
|233|394.941|1683.57|339.606|1447.69|0.005|0.005|233|233|
|234|403.424|1709.77|346.901|1470.22|0.005|0.005|234|234|
|235|412.039|1736.21|354.309|1492.95|0.005|0.005|235|235|
|236|420.786|1762.89|361.831|1515.89|0.005|0.005|236|236|
|237|429.66|1789.79|369.462|1539.03|0.005|0.005|237|237|
|238|438.677|1816.95|377.215|1562.39|0.005|0.005|238|238|
|239|447.83|1844.36|385.086|1585.95|0.005|0.005|239|239|
|240|457.121|1872.01|393.075|1609.72|0.005|0.005|240|240|
|241|466.551|1899.9|401.184|1633.71|0.005|0.005|241|241|
|242|476.12|1928.04|409.412|1657.91|0.005|0.005|242|242|
|243|485.831|1956.42|417.763|1682.31|0.005|0.005|243|243|
|244|495.685|1985.06|426.236|1706.94|0.005|0.005|244|244|
|245|505.682|2013.94|434.833|1731.77|0.005|0.005|245|245|
|246|515.825|2043.07|443.554|1756.82|0.005|0.005|246|246|
|247|526.114|2072.45|452.401|1782.09|0.005|0.005|247|247|
|248|536.55|2102.08|461.375|1807.57|0.005|0.005|248|248|
|249|547.135|2131.97|470.477|1833.26|0.005|0.005|249|249|
|250|557.87|2162.1|479.708|1859.18|0.005|0.005|250|250|
|251|568.756|2192.49|489.069|1885.31|0.005|0.005|251|251|
|252|579.786|2223.12|498.554|1911.64|0.005|0.005|252|252|
|253|590.979|2254.02|508.178|1938.21|0.005|0.005|253|253|
|254|602.327|2285.17|517.936|1965|0.005|0.005|254|254|
|255|613.831|2316.57|527.829|1992|0.005|0.005|255|255|
|256|625.493|2348.23|537.857|2019.23|0.005|0.005|256|256|
|257|637.314|2380.15|548.021|2046.67|0.005|0.005|257|257|
|258|649.295|2412.33|558.324|2074.34|0.005|0.005|258|258|
|259|661.437|2444.76|568.765|2102.23|0.005|0.005|259|259|
|260|673.743|2477.45|579.346|2130.34|0.005|0.005|260|260|
|261|686.212|2510.39|590.069|2158.67|0.005|0.005|261|261|
|262|698.847|2543.6|600.933|2187.22|0.005|0.005|262|262|
|263|711.649|2577.07|611.941|2216|0.005|0.005|263|263|
|264|724.618|2610.79|623.094|2245|0.005|0.005|264|264|
|265|737.757|2644.78|634.392|2274.22|0.005|0.005|265|265|
|266|751.066|2679.02|645.836|2303.67|0.005|0.005|266|266|
|267|764.548|2713.53|657.429|2333.35|0.005|0.005|267|267|
|268|778.202|2748.3|669.17|2363.25|0.005|0.005|268|268|
|269|792.031|2783.34|681.062|2393.37|0.005|0.005|269|269|
|270|806.036|2818.63|693.104|2423.72|0.005|0.005|270|270|
|271|820.218|2854.19|705.299|2454.3|0.005|0.005|271|271|
|272|834.578|2890.02|717.648|2485.11|0.005|0.005|272|272|
|273|849.119|2926.11|730.151|2516.14|0.005|0.005|273|273|
|274|863.84|2962.46|742.81|2547.4|0.005|0.005|274|274|
|275|878.744|2999.08|755.625|2578.89|0.005|0.005|275|275|
|276|893.831|3035.97|768.599|2610.61|0.005|0.005|276|276|
|277|909.104|3073.13|781.732|2642.56|0.005|0.005|277|277|
|278|924.563|3110.55|795.025|2674.74|0.005|0.005|278|278|
|279|940.21|3148.24|808.479|2707.15|0.005|0.005|279|279|
|280|956.046|3186.19|822.097|2739.79|0.005|0.005|280|280|
|281|972.072|3224.42|835.878|2772.66|0.005|0.005|281|281|
|282|988.255|3262.87|849.793|2805.72|0.005|0.005|282|282|
|283|1004.67|3301.64|863.905|2839.05|0.005|0.005|283|283|
|284|1021.27|3340.68|878.184|2872.62|0.005|0.005|284|284|
|285|1038.07|3379.98|892.632|2906.42|0.005|0.005|285|285|
|286|1055.07|3419.57|907.249|2940.46|0.005|0.005|286|286|
|287|1072.27|3459.42|922.037|2974.73|0.005|0.005|287|287|
|288|1089.67|3499.55|936.996|3009.23|0.005|0.005|288|288|
|289|1107.27|3539.95|952.129|3043.97|0.005|0.005|289|289|
|290|1125.07|3580.62|967.437|3078.95|0.005|0.005|290|290|
|291|1143.07|3621.57|982.919|3114.16|0.005|0.005|291|291|
|292|1161.28|3662.79|998.578|3149.61|0.005|0.005|292|292|
|293|1179.7|3704.29|1014.42|3185.29|0.005|0.005|293|293|
|294|1198.33|3746.07|1030.43|3221.22|0.005|0.005|294|294|
|295|1217.16|3788.12|1046.63|3257.38|0.005|0.005|295|295|
|296|1236.21|3830.45|1063.01|3293.77|0.005|0.005|296|296|
|297|1255.44|3873.02|1079.54|3330.38|0.005|0.005|297|297|
|298|1274.91|3915.91|1096.29|3367.26|0.005|0.005|298|298|
|299|1294.6|3959.07|1113.22|3404.38|0.005|0.005|299|299|
|300|1314.5|4002.52|1130.33|3441.73|0.005|0.005|300|300|
|301|1334.63|4046.24|1147.63|3479.33|0.005|0.005|301|301|
|302|1354.97|4090.25|1165.13|3517.17|0.005|0.005|302|302|
|303|1375.53|4134.53|1182.81|3555.25|0.005|0.005|303|303|
|304|1396.31|4179.1|1200.68|3593.58|0.005|0.005|304|304|
|305|1417.32|4223.95|1218.74|3632.14|0.005|0.005|305|305|
|306|1438.55|4269.08|1237|3670.95|0.005|0.005|306|306|
|307|1460.01|4314.5|1255.45|3710|0.005|0.005|307|307|
|308|1481.7|4360.19|1274.1|3749.3|0.005|0.005|308|308|
|309|1503.61|4406.18|1292.95|3788.84|0.005|0.005|309|309|
|310|1525.76|4452.45|1311.99|3828.63|0.005|0.005|310|310|
|311|1548.24|4499.12|1331.32|3868.76|0.005|0.005|311|311|
|312|1570.85|4545.96|1350.76|3909.04|0.005|0.005|312|312|
|313|1593.7|4593.09|1370.41|3949.56|0.005|0.005|313|313|
|314|1616.78|4640.5|1390.26|3990.33|0.005|0.005|314|314|
|315|1640.1|4688.2|1410.31|4031.35|0.005|0.005|315|315|
|316|1663.66|4736.19|1430.57|4072.62|0.005|0.005|316|316|
|317|1687.46|4784.47|1451.04|4114.13|0.005|0.005|317|317|
|318|1711.51|4833.04|1471.71|4155.89|0.005|0.005|318|318|
|319|1735.8|4881.89|1492.6|4197.9|0.005|0.005|319|319|
|320|1760.33|4931.04|1513.69|4240.17|0.005|0.005|320|320|
|321|1785.11|4980.48|1535|4282.68|0.005|0.005|321|321|
|322|1810.13|5030.21|1556.52|4325.44|0.005|0.005|322|322|
|323|1835.41|5080.23|1578.25|4368.45|0.005|0.005|323|323|
|324|1860.94|5130.54|1600.2|4411.72|0.005|0.005|324|324|
|325|1886.71|5181.15|1622.37|4455.23|0.005|0.005|325|325|
|326|1912.75|5232.05|1644.76|4499|0.005|0.005|326|326|
|327|1939.04|5283.24|1667.36|4543.02|0.005|0.005|327|327|
|328|1965.58|5334.73|1690.19|4587.3|0.005|0.005|328|328|
|329|1992.38|5386.52|1713.24|4631.83|0.005|0.005|329|329|
|330|2019.45|5438.6|1736.51|4676.61|0.005|0.005|330|330|
|331|2046.77|5490.97|1760|4721.65|0.005|0.005|331|331|
|332|2074.36|5543.65|1783.72|4766.94|0.005|0.005|332|332|
|333|2102.21|5596.62|1807.67|4812.49|0.005|0.005|333|333|
|334|2130.32|5649.89|1831.85|4858.29|0.005|0.005|334|334|
|335|2158.71|5703.45|1856.26|4904.36|0.005|0.005|335|335|
|336|2187.36|5757.32|1880.89|4950.67|0.005|0.005|336|336|
|337|2216.28|5811.48|1905.76|4997.25|0.005|0.005|337|337|
|338|2245.47|5865.95|1930.87|5044.09|0.005|0.005|338|338|
|339|2274.94|5920.71|1956.2|5091.18|0.005|0.005|339|339|
|340|2304.68|5975.78|1981.78|5138.53|0.005|0.005|340|340|
|341|2334.68|6031.13|2007.58|5186.12|0.005|0.005|341|341|
|342|2364.98|6086.8|2033.63|5234|0.005|0.005|342|342|
|343|2395.55|6142.78|2059.92|5282.13|0.005|0.005|343|343|
|344|2426.4|6199.05|2086.45|5330.52|0.005|0.005|344|344|
|345|2457.54|6255.63|2113.22|5379.17|0.005|0.005|345|345|
|346|2488.96|6312.52|2140.24|5428.09|0.005|0.005|346|346|
|347|2520.67|6369.71|2167.5|5477.26|0.005|0.005|347|347|
|348|2552.66|6427.2|2195.01|5526.7|0.005|0.005|348|348|
|349|2584.94|6485.01|2222.77|5576.41|0.005|0.005|349|349|
|350|2617.51|6543.11|2250.78|5626.37|0.005|0.005|350|350|
|351|2650.37|6601.53|2279.03|5676.61|0.005|0.005|351|351|
|352|2683.52|6660.25|2307.54|5727.1|0.005|0.005|352|352|
|353|2716.97|6719.28|2336.31|5777.86|0.005|0.005|353|353|
|354|2750.72|6778.62|2365.32|5828.89|0.005|0.005|354|354|
|355|2784.76|6838.27|2394.59|5880.18|0.005|0.005|355|355|
|356|283.642|-4128.67|239.301|8018.26|0.005|0.005|356|356|
|357|258.018|5172.74|223.831|-7387.91|0.005|0.005|357|357|
|358|281.32|-6122.21|242.616|6622.46|0.005|0.005|358|358|
|359|260.766|6959.73|220.858|-5735.91|0.005|0.005|359|359|
|360|278.197|-7669.97|245.19|4744.46|0.005|0.005|360|360|
|361|264.208|8239.96|218.729|-3666.26|0.005|0.005|361|361|
|362|274.499|-8659.27|246.836|2521.01|0.005|0.005|362|362|
|363|268.094|8920.23|217.598|-1329.66|0.005|0.005|363|363|
|364|270.495|-9018.06|247.433|114|0.005|0.005|364|364|
|365|272.141|8950.99|217.547|1103.75|0.005|0.005|365|365|
|366|266.478|-8720.23|246.937|-2301.31|0.005|0.005|366|366|
|367|276.055|8330.01|218.579|3456.79|0.005|0.005|367|367|
|368|262.74|-7787.46|245.386|-4549.06|0.005|0.005|368|368|
|369|279.55|7102.5|220.621|5558.14|0.005|0.005|369|369|
|370|259.552|-6287.66|242.891|-6465.58|0.005|0.005|370|370|
|371|282.372|5357.84|223.523|7254.79|0.005|0.005|371|371|
|372|257.148|-4330.05|239.636|-7911.33|0.005|0.005|372|372|
|373|284.315|3223.07|227.073|8423.2|0.005|0.005|373|373|
|374|255.701|-2057.15|235.855|-8781.04|0.005|0.005|374|374|
|375|285.238|853.613|231.014|8978.3|0.005|0.005|375|375|
|376|255.318|365.533|231.826|-9011.37|0.005|0.005|376|376|
|377|285.074|-1577.99|235.058|8879.66|0.005|0.005|377|377|
|378|256.026|2761.6|227.841|-8585.57|0.005|0.005|378|378|
|379|283.835|-3894.7|238.911|8134.48|0.005|0.005|379|379|
|380|257.774|4956.59|224.19|-7534.63|0.005|0.005|380|380|
|381|281.61|-5927.83|242.293|6797|0.005|0.005|381|381|
|382|260.434|6790.68|221.14|-5935.08|0.005|0.005|382|382|
|383|278.563|-7529.34|244.957|4964.62|0.005|0.005|383|383|
|384|263.814|8130.32|218.911|-3903.38|0.005|0.005|384|384|
|385|274.914|-8582.62|246.708|2770.76|0.005|0.005|385|385|
|386|267.665|8877.97|217.668|-1587.47|0.005|0.005|386|386|
|387|270.93|-9010.98|247.421|375.148|0.005|0.005|387|387|
|388|271.709|8979.2|217.5|844.032|0.005|0.005|388|388|
|389|266.9|-8783.23|247.042|-2047.78|0.005|0.005|389|389|
|390|275.651|8426.63|218.419|3214.08|0.005|0.005|390|390|
|391|263.118|-7915.95|245.6|-4321.6|0.005|0.005|391|391|
|392|279.204|7260.5|220.358|5350.1|0.005|0.005|392|392|
|393|259.859|-6472.29|243.198|-6280.76|0.005|0.005|393|393|
|394|282.109|5565.72|223.177|7096.56|0.005|0.005|394|394|
|395|257.362|-4557.37|240.014|-7782.6|0.005|0.005|395|395|
|396|284.154|3465.68|226.67|8326.31|0.005|0.005|396|396|
|397|255.806|-2310.62|236.277|-8717.77|0.005|0.005|397|397|
|398|285.191|1113.3|230.582|8949.81|0.005|0.005|398|398|
|399|255.307|104.377|232.26|-9018.18|0.005|0.005|399|399|
|400|285.144|-1320.14|234.629|8921.64|0.005|0.005|400|400|
|401|255.899|2511.77|228.256|-8661.95|0.005|0.005|401|401|
|402|284.017|-3657.47|238.517|8243.87|0.005|0.005|402|402|
|403|257.541|4736.28|224.556|-7675.03|0.005|0.005|403|403|
|404|281.891|-5728.48|241.961|6965.84|0.005|0.005|404|404|
|405|260.111|6615.92|221.43|-6129.27|0.005|0.005|405|405|
|406|278.922|-7382.39|244.712|5180.62|0.005|0.005|406|406|
|407|263.425|8013.85|219.105|-4137.23|0.005|0.005|407|407|
|408|275.325|-8498.77|246.569|3018.18|0.005|0.005|408|408|
|409|267.239|8828.27|217.751|-1843.94|0.005|0.005|409|409|
|410|271.363|-8996.33|247.396|635.982|0.005|0.005|410|410|
|411|271.276|8999.88|217.465|583.607|0.005|0.005|411|411|
|412|283.183|153.864|224.741|257.538|0.005|0.005|412|412|
|413|282.35|178.806|223.493|240.891|0.005|0.005|413|413|
|414|281.397|201.962|222.336|221.836|0.005|0.005|414|414|
|415|280.334|223.1|221.279|200.565|0.005|0.005|415|415|
|416|279.17|242.008|220.333|177.291|0.005|0.005|416|416|
|417|277.918|258.499|219.509|152.244|0.005|0.005|417|417|
|418|276.589|272.407|218.813|125.677|0.005|0.005|418|418|
|419|275.198|283.592|218.254|97.8538|0.005|0.005|419|419|
|420|273.758|291.945|217.837|69.053|0.005|0.005|420|420|
|421|272.284|297.38|217.565|39.5622|0.005|0.005|421|421|
|422|270.789|299.844|217.442|9.67605|0.005|0.005|422|422|
|423|269.29|299.312|217.468|-20.3067|0.005|0.005|423|423|
|424|267.801|295.789|217.644|-50.0866|0.005|0.005|424|424|
|425|266.337|289.311|217.968|-79.366|0.005|0.005|425|425|
|426|264.913|279.943|218.437|-107.852|0.005|0.005|426|426|
|427|263.543|267.777|219.045|-135.261|0.005|0.005|427|427|
|428|262.24|252.935|219.787|-161.319|0.005|0.005|428|428|
|429|261.017|235.567|220.655|-185.764|0.005|0.005|429|429|
|430|259.888|215.844|221.642|-208.353|0.005|0.005|430|430|
|431|258.863|193.965|222.736|-228.861|0.005|0.005|431|431|
|432|257.952|170.148|223.926|-247.082|0.005|0.005|432|432|
|433|257.164|144.631|225.202|-262.834|0.005|0.005|433|433|
|434|256.508|117.669|226.55|-275.96|0.005|0.005|434|434|
|435|255.989|89.5313|227.957|-286.329|0.005|0.005|435|435|
|436|255.614|60.4989|229.409|-293.836|0.005|0.005|436|436|
|437|255.385|30.8619|230.891|-298.408|0.005|0.005|437|437|
|438|255.306|0.916628|232.388|-299.999|0.005|0.005|438|438|
|439|255.376|-29.0378|233.886|-298.591|0.005|0.005|439|439|
|440|255.596|-58.7022|235.369|-294.201|0.005|0.005|440|440|
|441|255.962|-87.78|236.823|-286.87|0.005|0.005|441|441|
|442|256.472|-115.981|238.233|-276.674|0.005|0.005|442|442|
|443|257.12|-143.023|239.585|-263.713|0.005|0.005|443|443|
|444|257.9|-168.635|240.866|-248.117|0.005|0.005|444|444|
|445|258.804|-192.563|242.062|-230.042|0.005|0.005|445|445|
|446|259.822|-214.567|243.162|-209.669|0.005|0.005|446|446|
|447|260.946|-234.427|244.155|-187.2|0.005|0.005|447|447|
|448|262.163|-251.945|245.031|-162.861|0.005|0.005|448|448|
|449|263.461|-266.945|245.781|-136.895|0.005|0.005|449|449|
|450|264.828|-279.278|246.398|-109.561|0.005|0.005|450|450|
|451|266.249|-288.821|246.875|-81.1325|0.005|0.005|451|451|
|452|267.711|-295.478|247.208|-51.8932|0.005|0.005|452|452|
|453|269.199|-299.182|247.393|-22.1354|0.005|0.005|453|453|
|454|270.698|-299.897|247.429|7.84358|0.005|0.005|454|454|
|455|272.193|-297.616|247.315|37.7442|0.005|0.005|455|455|
|456|273.669|-292.361|247.052|67.2677|0.005|0.005|456|456|
|457|275.112|-284.185|246.643|96.119|0.005|0.005|457|457|
|458|276.506|-273.169|246.092|124.01|0.005|0.005|458|458|
|459|277.839|-259.424|245.405|150.662|0.005|0.005|459|459|
|460|279.096|-243.087|244.588|175.808|0.005|0.005|460|460|
|461|280.266|-224.321|243.65|199.198|0.005|0.005|461|461|
|462|281.336|-203.314|242.6|220.598|0.005|0.005|462|462|
|463|282.295|-180.275|241.448|239.793|0.005|0.005|463|463|
|464|283.135|-155.435|240.206|256.593|0.005|0.005|464|464|
|465|283.847|-129.042|238.886|270.829|0.005|0.005|465|465|
|466|284.424|-101.36|237.502|282.358|0.005|0.005|466|466|
|467|284.859|-72.6645|236.067|291.067|0.005|0.005|467|467|
|468|285.149|-43.2433|234.596|296.867|0.005|0.005|468|468|
|469|285.291|-13.39|233.103|299.701|0.005|0.005|469|469|
|470|285.283|16.5971|231.604|299.541|0.005|0.005|470|470|
|471|285.125|46.4183|230.113|296.387|0.005|0.005|471|471|
|472|284.819|75.7758|228.645|290.272|0.005|0.005|472|472|
|473|284.368|104.376|227.215|281.257|0.005|0.005|473|473|
|474|283.777|131.934|225.837|269.432|0.005|0.005|474|474|
|475|283.051|158.173|224.525|254.914|0.005|0.005|475|475|
|476|282.198|182.831|223.292|237.85|0.005|0.005|476|476|
|477|281.226|205.663|222.151|218.409|0.005|0.005|477|477|
|478|280.145|226.441|221.112|196.786|0.005|0.005|478|478|
|479|278.965|244.955|220.186|173.196|0.005|0.005|479|479|
|480|277.699|261.022|219.383|147.876|0.005|0.005|480|480|
|481|276.36|274.481|218.71|121.079|0.005|0.005|481|481|
|482|274.959|285.198|218.174|93.0717|0.005|0.005|482|482|
|483|273.512|293.064|217.781|64.1345|0.005|0.005|483|483|
|484|272.033|298.003|217.534|34.5564|0.005|0.005|484|484|
|485|270.537|299.964|217.436|4.63314|0.005|0.005|485|485|
|486|269.039|298.928|217.487|-25.3365|0.005|0.005|486|486|
|487|267.553|294.905|217.689|-55.0529|0.005|0.005|487|487|
|488|266.095|287.936|218.037|-84.2193|0.005|0.005|488|488|
|489|264.678|278.09|218.529|-112.544|0.005|0.005|489|489|
|490|263.318|265.465|219.161|-139.745|0.005|0.005|490|490|
|491|262.028|250.187|219.924|-165.549|0.005|0.005|491|491|
|492|260.821|232.41|220.813|-189.699|0.005|0.005|492|492|
|493|259.708|212.311|221.818|-211.953|0.005|0.005|493|493|
|494|258.701|190.09|222.929|-232.09|0.005|0.005|494|494|
|495|257.81|165.97|224.135|-249.908|0.005|0.005|495|495|
|496|257.044|140.192|225.424|-265.229|0.005|0.005|496|496|
|497|256.411|113.013|226.783|-277.9|0.005|0.005|497|497|
|498|255.916|84.7044|228.199|-287.794|0.005|0.005|498|498|
|499|255.565|55.5498|229.656|-294.812|0.005|0.005|499|499|
|500|255.361|25.8402|231.142|-298.885|0.005|0.005|500|500|
|501|255.307|-4.12765|232.64|-299.972|0.005|0.005|501|501|
|502|255.403|-34.0542|234.137|-298.061|0.005|0.005|502|502|
|503|255.647|-63.6405|235.616|-293.172|0.005|0.005|503|503|
|504|256.038|-92.591|237.063|-285.354|0.005|0.005|504|504|
|505|256.571|-120.616|238.465|-274.685|0.005|0.005|505|505|
|506|257.242|-147.436|239.806|-261.271|0.005|0.005|506|506|
|507|258.043|-172.783|241.073|-245.247|0.005|0.005|507|507|
|508|258.967|-196.404|242.254|-226.772|0.005|0.005|508|508|
|509|260.004|-218.062|243.337|-206.031|0.005|0.005|509|509|
|510|261.144|-237.542|244.311|-183.232|0.005|0.005|510|510|
|511|262.376|-254.648|245.166|-158.602|0.005|0.005|511|511|
|512|263.686|-269.209|245.894|-132.387|0.005|0.005|512|512|
|513|265.063|-281.081|246.488|-104.85|0.005|0.005|513|513|
|514|266.492|-290.144|246.941|-76.2648|0.005|0.005|514|514|
|515|267.96|-296.308|247.249|-46.9177|0.005|0.005|515|515|
|516|269.451|-299.512|247.409|-17.1018|0.005|0.005|516|516|
|517|270.95|-299.723|247.42|12.8849|0.005|0.005|517|517|
|518|272.443|-296.939|247.281|42.7429|0.005|0.005|518|518|
|519|273.914|-291.189|246.993|72.1739|0.005|0.005|519|519|
|520|275.35|-282.529|246.56|100.884|0.005|0.005|520|520|
|521|276.735|-271.046|245.986|128.585|0.005|0.005|521|521|
|522|278.056|-256.854|245.277|155.003|0.005|0.005|522|522|
|523|279.299|-240.097|244.439|179.871|0.005|0.005|523|523|
|524|280.453|-220.94|243.481|202.942|0.005|0.005|524|524|
|525|281.505|-199.576|242.413|223.985|0.005|0.005|525|525|
|526|282.445|-176.218|241.245|242.791|0.005|0.005|526|526|
|527|283.264|-151.099|239.989|259.17|0.005|0.005|527|527|
|528|283.954|-124.47|238.657|272.96|0.005|0.005|528|528|
|529|284.507|-96.5978|237.264|284.023|0.005|0.005|529|529|
|530|284.918|-67.7602|235.822|292.247|0.005|0.005|530|530|
|531|285.183|-38.2457|234.346|297.552|0.005|0.005|531|531|
|532|285.3|-8.34894|232.851|299.884|0.005|0.005|532|532|
|533|285.267|21.6312|231.352|299.219|0.005|0.005|533|533|
|534|285.084|51.3952|229.864|295.565|0.005|0.005|534|534|
|535|284.753|80.6457|228.402|288.957|0.005|0.005|535|535|
|536|284.279|109.09|226.979|279.463|0.005|0.005|536|536|
|537|283.664|136.445|225.612|267.175|0.005|0.005|537|537|
|538|282.917|162.436|224.312|252.219|0.005|0.005|538|538|
|539|282.043|186.805|223.094|234.742|0.005|0.005|539|539|
|540|281.052|209.307|221.968|214.92|0.005|0.005|540|540|
|541|279.953|229.717|220.948|192.951|0.005|0.005|541|541|
|542|278.758|247.833|220.042|169.053|0.005|0.005|542|542|
|543|277.479|263.472|219.26|143.467|0.005|0.005|543|543|
|544|276.128|276.478|218.61|116.447|0.005|0.005|544|544|
|545|274.719|286.722|218.098|88.2633|0.005|0.005|545|545|
|546|273.266|294.101|217.729|59.1979|0.005|0.005|546|546|
|547|271.783|298.542|217.507|29.541|0.005|0.005|547|547|
|548|270.285|300|217.434|-0.411084|0.005|0.005|548|548|
|549|268.788|298.46|217.511|-30.359|0.005|0.005|549|549|
|550|267.305|293.938|217.737|-60.0036|0.005|0.005|550|550|
|551|265.853|286.479|218.11|-89.0487|0.005|0.005|551|551|
|552|264.445|276.158|218.626|-117.204|0.005|0.005|552|552|
|553|263.096|263.077|219.28|-144.188|0.005|0.005|553|553|
|554|261.819|247.368|220.065|-169.732|0.005|0.005|554|554|
|555|260.627|229.188|220.974|-193.58|0.005|0.005|555|555|
|556|259.531|208.717|221.998|-215.493|0.005|0.005|556|556|
|557|258.543|186.161|223.126|-235.253|0.005|0.005|557|557|
|558|257.672|161.745|224.347|-252.663|0.005|0.005|558|558|
|559|256.928|135.712|225.648|-267.548|0.005|0.005|559|559|
|560|256.318|108.324|227.018|-279.76|0.005|0.005|560|560|
|561|255.847|79.8535|228.441|-289.177|0.005|0.005|561|561|
|562|255.52|50.585|229.905|-295.705|0.005|0.005|562|562|
|563|255.342|20.8111|231.393|-299.277|0.005|0.005|563|563|
|564|255.313|-9.17076|232.892|-299.86|0.005|0.005|564|564|
|565|255.433|-39.061|234.387|-297.446|0.005|0.005|565|565|
|566|255.703|-68.5609|235.862|-292.061|0.005|0.005|566|566|
|567|256.118|-97.3758|237.303|-283.757|0.005|0.005|567|567|
|568|256.675|-125.218|238.695|-272.618|0.005|0.005|568|568|
|569|257.368|-151.809|240.024|-258.755|0.005|0.005|569|569|
|570|258.19|-176.882|241.278|-242.307|0.005|0.005|570|570|
|571|259.134|-200.189|242.443|-223.437|0.005|0.005|571|571|
|572|260.189|-221.495|243.509|-202.336|0.005|0.005|572|572|
|573|261.345|-240.589|244.463|-179.212|0.005|0.005|573|573|
|574|262.591|-257.278|245.298|-154.298|0.005|0.005|574|574|
|575|263.914|-271.397|246.004|-127.842|0.005|0.005|575|575|
|576|265.3|-282.804|246.574|-100.109|0.005|0.005|576|576|
|577|266.737|-291.385|247.003|-71.3756|0.005|0.005|577|577|
|578|268.209|-297.055|247.287|-41.9291|0.005|0.005|578|578|
|579|269.702|-299.757|247.422|-12.0637|0.005|0.005|579|579|
|580|271.202|-299.463|247.407|17.9222|0.005|0.005|580|580|
|581|272.692|-296.178|247.243|47.729|0.005|0.005|581|581|
|582|274.159|-289.933|246.931|77.0588|0.005|0.005|582|582|
|583|275.587|-280.791|246.473|105.619|0.005|0.005|583|583|
|584|276.962|-268.844|245.876|133.123|0.005|0.005|584|584|
|585|278.271|-254.211|245.144|159.297|0.005|0.005|585|585|
|586|279.5|-237.037|244.286|183.88|0.005|0.005|586|586|
|587|280.637|-217.496|243.309|206.625|0.005|0.005|587|587|
|588|281.671|-195.781|242.223|227.305|0.005|0.005|588|588|
|589|282.592|-172.11|241.039|245.714|0.005|0.005|589|589|
|590|283.389|-146.72|239.77|261.669|0.005|0.005|590|590|
|591|284.056|-119.864|238.427|275.008|0.005|0.005|591|591|
|592|284.586|-91.8104|237.024|285.6|0.005|0.005|592|592|
|593|284.973|-62.8398|235.576|293.338|0.005|0.005|593|593|
|594|285.213|-33.2416|234.096|298.145|0.005|0.005|594|594|
|595|285.305|-3.31155|232.599|299.973|0.005|0.005|595|595|
|596|285.246|26.6513|231.101|298.804|0.005|0.005|596|596|
|597|285.039|56.3475|229.616|294.65|0.005|0.005|597|597|
|598|284.684|85.4805|228.16|287.551|0.005|0.005|598|598|
|599|284.185|113.759|226.746|277.58|0.005|0.005|599|599|
|600|283.548|140.901|225.388|264.836|0.005|0.005|600|600|
|601|282.779|166.634|224.102|249.446|0.005|0.005|601|601|
|602|281.885|190.702|222.898|231.564|0.005|0.005|602|602|
|603|280.875|212.865|221.79|211.369|0.005|0.005|603|603|
|604|279.759|232.901|220.788|189.062|0.005|0.005|604|604|
|605|278.55|250.609|219.902|164.867|0.005|0.005|605|605|
|606|277.257|265.813|219.142|139.026|0.005|0.005|606|606|
|607|275.896|278.362|218.514|111.796|0.005|0.005|607|607|
|608|274.479|288.129|218.026|83.4497|0.005|0.005|608|608|
|609|273.019|295.018|217.681|54.2704|0.005|0.005|609|609|
|610|271.533|298.959|217.484|24.5497|0.005|0.005|610|610|
|611|270.035|299.914|217.436|-5.41549|0.005|0.005|611|611|
|612|268.539|297.873|217.538|-35.3258|0.005|0.005|612|612|
|613|267.061|292.856|217.789|-64.8824|0.005|0.005|613|613|
|614|265.615|284.914|218.186|-93.7899|0.005|0.005|614|614|
|615|264.217|274.126|218.725|-121.76|0.005|0.005|615|615|
|616|262.879|260.601|219.401|-148.512|0.005|0.005|616|616|
|617|261.615|244.473|220.208|-173.781|0.005|0.005|617|617|
|618|260.438|225.903|221.136|-197.312|0.005|0.005|618|618|
|619|259.36|205.078|222.178|-218.872|0.005|0.005|619|619|
|620|258.391|182.206|223.321|-238.245|0.005|0.005|620|620|
|621|257.541|157.514|224.556|-255.238|0.005|0.005|621|621|
|622|256.818|131.251|225.87|-269.681|0.005|0.005|622|622|
|623|256.23|103.677|227.249|-281.429|0.005|0.005|623|623|
|624|255.783|75.0703|228.679|-290.367|0.005|0.005|624|624|
|625|255.481|45.7149|230.147|-296.405|0.005|0.005|625|625|
|626|255.327|15.9044|231.638|-299.482|0.005|0.005|626|626|
|627|255.322|-14.0632|233.137|-299.568|0.005|0.005|627|627|
|628|255.467|-43.8886|234.629|-296.663|0.005|0.005|628|628|
|629|255.76|-73.2741|236.099|-290.797|0.005|0.005|629|629|
|630|256.199|-101.926|237.532|-282.027|0.005|0.005|630|630|
|631|256.778|-129.559|238.914|-270.441|0.005|0.005|631|631|
|632|257.492|-155.896|240.232|-256.157|0.005|0.005|632|632|
|633|258.334|-180.675|241.472|-239.316|0.005|0.005|633|633|
|634|259.296|-203.648|242.621|-220.087|0.005|0.005|634|634|
|635|260.367|-224.587|243.669|-198.663|0.005|0.005|635|635|
|636|261.538|-243.282|244.605|-175.258|0.005|0.005|636|636|
|637|262.796|-259.548|245.419|-150.105|0.005|0.005|637|637|
|638|264.129|-273.221|246.103|-123.456|0.005|0.005|638|638|
|639|265.524|-284.167|246.651|-95.5772|0.005|0.005|639|639|
|640|266.966|-292.275|247.057|-66.7472|0.005|0.005|640|640|
|641|268.442|-297.466|247.318|-37.254|0.005|0.005|641|641|
|642|269.936|-299.689|247.429|-7.39204|0.005|0.005|642|642|
|643|271.434|-298.921|247.391|22.5406|0.005|0.005|643|643|
|644|272.92|-295.17|247.204|52.2452|0.005|0.005|644|644|
|645|274.38|-288.476|246.87|81.4252|0.005|0.005|645|645|
|646|275.8|-278.904|246.391|109.79|0.005|0.005|646|646|
|647|277.165|-266.552|245.774|137.055|0.005|0.005|647|647|
|648|278.461|-251.542|245.023|162.951|0.005|0.005|648|648|
|649|279.676|-234.026|244.147|187.218|0.005|0.005|649|649|
|650|280.797|-214.178|243.154|209.615|0.005|0.005|650|650|
|651|281.814|-192.197|242.054|229.918|0.005|0.005|651|651|
|652|282.716|-168.303|240.859|247.926|0.005|0.005|652|652|
|653|283.494|-142.735|239.579|263.46|0.005|0.005|653|653|
|654|284.141|-115.748|238.228|276.365|0.005|0.005|654|654|
|655|284.999|299.985|219.6|-2.99985|2.995|2.995|655|655|
|656|-166.479|-299.985|224.115|2.99985|0.005|0.005|656|656|
|657|-167.979|-299.985|224.13|2.99985|0.005|0.005|657|657|
|658|281.749|-299.985|219.633|2.99985|0.005|0.005|658|658|
|659|280.249|-299.985|219.648|2.99985|0.005|0.005|659|659|
|660|278.749|-299.985|219.663|2.99985|0.005|0.005|660|660|
|661|277.249|-299.985|219.678|2.99985|0.005|0.005|661|661|
|662|275.749|-299.985|219.693|2.99985|0.005|0.005|662|662|
|663|274.249|-299.985|219.708|2.99985|0.005|0.005|663|663|
|664|272.749|-299.985|219.723|2.99985|0.005|0.005|664|664|
|665|271.249|-299.985|219.738|2.99985|0.005|0.005|665|665|
|666|269.749|-299.985|219.753|2.99985|0.005|0.005|666|666|
|667|268.249|-299.985|219.768|2.99985|0.005|0.005|667|667|
|668|266.749|-299.985|219.783|2.99985|0.005|0.005|668|668|
|669|245.25|-299.985|219.998|2.99985|0.005|0.005|669|669|
|670|243.75|-299.985|220.013|2.99985|0.005|0.005|670|670|
|671|242.25|-299.985|220.028|2.99985|0.005|0.005|671|671|
|672|260.874|-299.985|219.841|2.99985|0.005|0.005|672|672|
|673|259.374|-299.985|219.856|2.99985|0.005|0.005|673|673|
|674|257.874|-299.985|219.871|2.99985|0.005|0.005|674|674|
|675|256.374|-299.985|219.886|2.99985|0.005|0.005|675|675|
|676|254.874|-299.985|219.901|2.99985|0.005|0.005|676|676|
|677|253.374|-299.985|219.916|2.99985|0.005|0.005|677|677|
|678|251.874|-299.985|219.931|2.99985|0.005|0.005|678|678|
|679|250.374|-299.985|219.946|2.99985|0.005|0.005|679|679|
|680|248.874|-299.985|219.961|2.99985|0.005|0.005|680|680|
|681|247.374|-299.985|219.976|2.99985|0.005|0.005|681|681|
|682|245.874|-299.985|219.991|2.99985|0.005|0.005|682|682|
|683|244.375|-299.985|220.006|2.99985|0.005|0.005|683|683|
|684|242.875|-299.985|220.021|2.99985|0.005|0.005|684|684|
|685|241.375|-299.985|220.036|2.99985|0.005|0.005|685|685|
|686|239.875|-299.985|220.051|2.99985|0.005|0.005|686|686|
|687|238.375|-299.985|220.066|2.99985|0.005|0.005|687|687|
|688|249.266|92.7177|215.464|285.313|0.005|0.005|688|688|
|689|248.732|120.738|214.063|274.631|0.005|0.005|689|689|
|690|248.06|147.552|212.722|261.205|0.005|0.005|690|690|
|691|247.258|172.892|211.455|245.17|0.005|0.005|691|691|
|692|246.334|196.505|210.275|226.685|0.005|0.005|692|692|
|693|245.297|218.154|209.192|205.934|0.005|0.005|693|693|
|694|244.156|237.623|208.219|183.127|0.005|0.005|694|694|
|695|242.924|254.718|207.364|158.489|0.005|0.005|695|695|
|696|241.613|269.268|206.637|132.268|0.005|0.005|696|696|
|697|240.236|281.127|206.044|104.725|0.005|0.005|697|697|
|698|238.807|290.178|205.591|76.136|0.005|0.005|698|698|
|699|237.339|296.329|205.284|46.7861|0.005|0.005|699|699|
|700|235.848|299.52|205.124|16.9688|0.005|0.005|700|700|
|701|234.349|299.717|205.114|-13.018|0.005|0.005|701|701|
|702|232.856|296.92|205.254|-42.8748|0.005|0.005|702|702|
|703|231.385|291.157|205.542|-72.3032|0.005|0.005|703|703|
|704|229.95|282.484|205.976|-101.009|0.005|0.005|704|704|
|705|228.565|270.989|206.551|-128.706|0.005|0.005|705|705|
|706|227.244|256.786|207.261|-155.117|0.005|0.005|706|706|
|707|226.001|240.017|208.099|-179.977|0.005|0.005|707|707|
|708|224.848|220.85|209.057|-203.04|0.005|0.005|708|708|
|709|223.796|199.477|210.126|-224.074|0.005|0.005|709|709|
|710|222.857|176.11|211.295|-242.869|0.005|0.005|710|710|
|711|222.038|150.984|212.551|-259.237|0.005|0.005|711|711|
|712|221.349|124.349|213.883|-273.015|0.005|0.005|712|712|
|713|220.797|96.4716|215.276|-284.066|0.005|0.005|713|713|
|714|220.386|67.6305|216.718|-292.277|0.005|0.005|714|714|
|715|220.122|38.1135|218.194|-297.569|0.005|0.005|715|715|
|716|220.006|8.21578|219.689|-299.887|0.005|0.005|716|716|
|717|220.04|-21.7641|221.188|-299.209|0.005|0.005|717|717|
|718|220.223|-51.5264|222.676|-295.542|0.005|0.005|718|718|
|719|220.554|-80.774|224.139|-288.921|0.005|0.005|719|719|
|720|221.029|-109.214|225.561|-279.414|0.005|0.005|720|720|
|721|221.644|-136.564|226.928|-267.115|0.005|0.005|721|721|
|722|222.393|-162.548|228.227|-252.147|0.005|0.005|722|722|
|723|223.267|-186.909|229.445|-234.659|0.005|0.005|723|723|
|724|224.259|-209.402|230.57|-214.827|0.005|0.005|724|724|
|725|225.358|-229.803|231.59|-192.849|0.005|0.005|725|725|
|726|226.553|-247.908|232.495|-168.943|0.005|0.005|726|726|
|727|227.833|-263.535|233.277|-143.35|0.005|0.005|727|727|
|728|229.184|-276.53|233.926|-116.324|0.005|0.005|728|728|
|729|230.593|-286.761|234.438|-88.1359|0.005|0.005|729|729|
|730|232.047|-294.128|234.806|-59.0673|0.005|0.005|730|730|
|731|233.53|-298.555|235.028|-29.4084|0.005|0.005|731|731|
|732|235.027|-300|235.1|0.544286|0.005|0.005|732|732|
|733|236.525|-298.446|235.022|30.4915|0.005|0.005|733|733|
|734|238.007|-293.911|234.796|60.1341|0.005|0.005|734|734|
|735|239.459|-286.44|234.422|89.1759|0.005|0.005|735|735|
|736|240.866|-276.106|233.905|117.327|0.005|0.005|736|736|
|737|242.215|-263.013|233.251|144.305|0.005|0.005|737|737|
|738|243.492|-247.293|232.465|169.842|0.005|0.005|738|738|
|739|244.684|-229.102|231.555|193.681|0.005|0.005|739|739|
|740|245.779|-208.621|230.531|215.586|0.005|0.005|740|740|
|741|246.767|-186.056|229.403|235.336|0.005|0.005|741|741|
|742|247.637|-161.632|228.182|252.735|0.005|0.005|742|742|
|743|248.38|-135.594|226.88|267.609|0.005|0.005|743|743|
|744|225.413|230.722|208.564|-191.748|0.005|0.005|744|744|
|745|224.309|210.426|209.579|-213.824|0.005|0.005|745|745|
|746|223.312|188.028|210.699|-233.763|0.005|0.005|746|746|
|747|222.432|163.751|211.912|-251.367|0.005|0.005|747|747|
|748|221.677|137.839|213.208|-266.459|0.005|0.005|748|748|
|749|221.056|110.548|214.573|-278.889|0.005|0.005|749|749|
|750|220.573|82.1537|215.992|-288.532|0.005|0.005|750|750|
|751|220.235|52.9381|217.453|-295.292|0.005|0.005|751|751|
|752|220.045|23.1936|218.94|-299.102|0.005|0.005|752|752|
|753|220.004|-6.78263|220.439|-299.923|0.005|0.005|753|753|
|754|220.113|-36.6911|221.935|-297.748|0.005|0.005|754|754|
|755|220.37|-66.233|223.412|-292.597|0.005|0.005|755|755|
|756|220.774|-95.1131|224.856|-284.523|0.005|0.005|756|756|
|757|221.32|-123.043|226.252|-273.606|0.005|0.005|757|757|
|758|222.002|-149.743|227.587|-259.956|0.005|0.005|758|758|
|759|222.815|-174.947|228.847|-243.708|0.005|0.005|759|759|
|760|223.749|-198.404|230.02|-225.025|0.005|0.005|760|760|
|761|224.795|-219.877|231.094|-204.093|0.005|0.005|761|761|
|762|225.944|-239.154|232.058|-181.122|0.005|0.005|762|762|
|763|227.183|-256.041|232.902|-156.342|0.005|0.005|763|763|
|764|228.5|-270.37|233.619|-129.999|0.005|0.005|764|764|
|765|229.882|-281.998|234.2|-102.358|0.005|0.005|765|765|
|766|231.315|-290.808|234.64|-73.6937|0.005|0.005|766|766|
|767|232.785|-296.712|234.936|-44.2932|0.005|0.005|767|767|
|768|234.277|-299.652|235.083|-14.4501|0.005|0.005|768|768|
|769|235.777|-299.597|235.08|15.5374|0.005|0.005|769|769|
|770|237.268|-296.549|234.927|45.3696|0.005|0.005|770|770|
|771|238.737|-290.539|234.627|74.7485|0.005|0.005|771|771|
|772|240.169|-281.625|234.181|103.38|0.005|0.005|772|772|
|773|241.549|-269.897|233.595|130.98|0.005|0.005|773|773|
|774|242.863|-255.472|232.874|157.27|0.005|0.005|774|774|
|775|244.099|-238.495|232.025|181.989|0.005|0.005|775|775|
|776|245.244|-219.135|231.057|204.89|0.005|0.005|776|776|
|777|246.287|-197.586|229.979|225.743|0.005|0.005|777|777|
|778|247.217|-174.062|228.803|244.341|0.005|0.005|778|778|
|779|248.025|-148.799|227.54|260.497|0.005|0.005|779|779|
|780|248.703|-122.049|226.202|274.051|0.005|0.005|780|780|
|781|249.243|-94.08|224.804|284.867|0.005|0.005|781|781|
|782|249.642|-65.1708|223.359|292.836|0.005|0.005|782|782|
|783|249.894|-35.6104|221.881|297.879|0.005|0.005|783|783|
|784|249.997|-5.69425|220.385|299.946|0.005|0.005|784|784|
|785|249.951|24.2788|218.886|299.016|0.005|0.005|785|785|
|786|249.755|54.0093|217.4|295.098|0.005|0.005|786|786|
|787|249.412|83.2002|215.94|288.232|0.005|0.005|787|787|
|788|248.924|111.56|214.522|278.486|0.005|0.005|788|788|
|789|248.298|138.805|213.16|265.957|0.005|0.005|789|789|
|790|247.539|164.663|211.867|250.771|0.005|0.005|790|790|
|791|246.654|188.875|210.656|233.08|0.005|0.005|791|791|
|792|245.653|211.201|209.54|213.059|0.005|0.005|792|792|
|793|244.545|231.416|208.529|190.91|0.005|0.005|793|793|
|794|243.343|249.319|207.634|166.853|0.005|0.005|794|794|
|795|242.056|264.731|206.863|141.129|0.005|0.005|795|795|
|796|240.7|277.498|206.225|113.995|0.005|0.005|796|796|
|797|239.286|287.492|205.725|85.7219|0.005|0.005|797|797|
|798|237.83|294.614|205.369|56.5924|0.005|0.005|798|798|
|799|236.345|298.792|205.16|26.8973|0.005|0.005|799|799|
|800|234.847|299.984|205.101|-3.06646|0.005|0.005|800|800|
|801|233.35|298.18|205.191|-32.9996|0.005|0.005|801|801|
|802|231.87|293.395|205.43|-62.603|0.005|0.005|802|802|
|803|230.421|285.68|205.816|-91.5809|0.005|0.005|803|803|
|804|229.018|275.11|206.345|-119.644|0.005|0.005|804|804|
|805|227.674|261.791|207.01|-146.511|0.005|0.005|805|805|
|806|226.404|245.856|207.807|-171.915|0.005|0.005|806|806|
|807|225.22|227.465|208.727|-195.601|0.005|0.005|807|807|
|808|224.133|206.801|209.76|-217.332|0.005|0.005|808|808|
|809|223.155|184.071|210.896|-236.892|0.005|0.005|809|809|
|810|222.296|159.502|212.125|-254.085|0.005|0.005|810|810|
|811|221.563|133.339|213.433|-268.739|0.005|0.005|811|811|
|812|220.965|105.844|214.808|-280.708|0.005|0.005|812|812|
|813|220.506|77.2907|216.235|-289.873|0.005|0.005|813|813|
|814|220.193|47.9656|217.702|-296.141|0.005|0.005|814|814|
|815|220.028|18.1613|219.192|-299.45|0.005|0.005|815|815|
|816|220.012|-11.8245|220.691|-299.767|0.005|0.005|816|816|
|817|220.146|-41.6922|222.185|-297.089|0.005|0.005|817|817|
|818|220.428|-71.1433|223.657|-291.442|0.005|0.005|818|818|
|819|220.856|-99.8836|225.094|-282.884|0.005|0.005|819|819|
|820|221.425|-127.626|226.481|-271.499|0.005|0.005|820|820|
|821|222.13|-154.093|227.805|-257.401|0.005|0.005|821|821|
|822|222.963|-179.02|229.051|-240.732|0.005|0.005|822|822|
|823|223.917|-202.159|230.208|-221.657|0.005|0.005|823|823|
|824|224.982|-223.278|231.264|-200.367|0.005|0.005|824|824|
|825|226.146|-242.166|232.208|-177.076|0.005|0.005|825|825|
|826|227.399|-258.634|233.032|-152.015|0.005|0.005|826|826|
|827|228.728|-272.518|233.726|-125.435|0.005|0.005|827|827|
|828|230.12|-283.679|234.284|-97.6019|0.005|0.005|828|828|
|829|231.56|-292.006|234.7|-68.7936|0.005|0.005|829|829|
|830|233.035|-297.415|234.971|-39.298|0.005|0.005|830|830|
|831|234.53|-299.852|235.093|-9.40974|0.005|0.005|831|831|
|832|236.029|-299.294|235.065|20.5726|0.005|0.005|832|832|
|833|237.517|-295.745|234.887|50.3493|0.005|0.005|833|833|
|834|238.981|-289.241|234.562|79.623|0.005|0.005|834|834|
|835|240.405|-279.847|234.092|108.101|0.005|0.005|835|835|
|836|241.775|-267.657|233.483|135.499|0.005|0.005|836|836|
|837|243.077|-252.792|232.74|161.543|0.005|0.005|837|837|
|838|244.299|-235.402|231.87|185.973|0.005|0.005|838|838|
|839|245.427|-215.659|230.883|208.545|0.005|0.005|839|839|
|840|246.452|-193.762|229.788|229.033|0.005|0.005|840|840|
|841|247.362|-169.929|228.596|247.233|0.005|0.005|841|841|
|842|248.148|-144.398|227.32|262.962|0.005|0.005|842|842|
|843|248.803|-117.424|225.971|276.064|0.005|0.005|843|843|
|844|249.32|-89.277|224.564|286.408|0.005|0.005|844|844|
|845|249.695|-60.2379|223.112|293.89|0.005|0.005|845|845|
|846|249.922|-30.5969|221.63|298.436|0.005|0.005|846|846|
|847|250|-0.650182|220.133|299.999|0.005|0.005|847|847|
|848|249.928|29.303|218.635|298.565|0.005|0.005|848|848|
|849|249.707|58.9634|217.152|294.148|0.005|0.005|849|849|
|850|249.34|88.0347|215.698|286.792|0.005|0.005|850|850|
|851|248.829|116.226|214.289|276.571|0.005|0.005|851|851|
|852|248.179|143.257|212.937|263.586|0.005|0.005|852|852|
|853|247.398|168.856|211.657|247.967|0.005|0.005|853|853|
|854|246.494|192.768|210.462|229.871|0.005|0.005|854|854|
|855|245.474|214.753|209.362|209.478|0.005|0.005|855|855|
|856|244.35|234.593|208.37|186.992|0.005|0.005|856|856|
|857|243.132|252.089|207.496|162.637|0.005|0.005|857|857|
|858|241.833|267.067|206.747|136.658|0.005|0.005|858|858|
|859|240.466|279.375|206.131|109.313|0.005|0.005|859|859|
|860|239.044|288.893|205.655|80.8759|0.005|0.005|860|860|
|861|237.582|295.524|205.324|51.6307|0.005|0.005|861|861|
|862|236.093|299.202|205.14|21.8697|0.005|0.005|862|862|
|863|234.595|299.89|205.105|-8.10993|0.005|0.005|863|863|
|864|233.1|297.583|205.221|-38.0085|0.005|0.005|864|864|
|865|231.624|292.301|205.485|-67.5273|0.005|0.005|865|865|
|866|230.181|284.1|205.895|-96.3714|0.005|0.005|866|866|
|867|228.787|273.059|206.447|-124.253|0.005|0.005|867|867|
|868|227.455|259.29|207.135|-150.892|0.005|0.005|868|868|
|869|226.199|242.931|207.953|-176.024|0.005|0.005|869|869|
|870|225.03|224.144|208.893|-199.397|0.005|0.005|870|870|
|871|223.961|203.118|209.944|-220.778|0.005|0.005|871|871|
|872|223.002|180.062|211.097|-239.953|0.005|0.005|872|872|
|873|222.163|155.207|212.34|-256.731|0.005|0.005|873|873|
|874|221.453|128.801|213.66|-270.943|0.005|0.005|874|874|
|875|220.878|101.109|215.045|-282.448|0.005|0.005|875|875|
|876|220.443|72.4059|216.48|-291.131|0.005|0.005|876|876|
|877|220.155|42.9796|217.951|-296.905|0.005|0.005|877|877|
|878|220.014|13.1238|219.444|-299.713|0.005|0.005|878|878|
|879|220.024|-16.8631|220.943|-299.526|0.005|0.005|879|879|
|880|220.183|-46.6816|222.434|-296.346|0.005|0.005|880|880|
|881|220.49|-76.0336|223.902|-290.205|0.005|0.005|881|881|
|882|220.942|-104.626|225.331|-281.164|0.005|0.005|882|882|
|883|221.534|-132.173|226.709|-269.315|0.005|0.005|883|883|
|884|222.261|-158.399|228.02|-254.774|0.005|0.005|884|884|
|885|223.116|-183.043|229.252|-237.688|0.005|0.005|885|885|
|886|224.089|-205.857|230.393|-218.226|0.005|0.005|886|886|
|887|225.171|-226.615|231.431|-196.585|0.005|0.005|887|887|
|888|226.351|-245.109|232.355|-172.979|0.005|0.005|888|888|
|889|227.618|-261.153|233.158|-147.645|0.005|0.005|889|889|
|890|228.958|-274.589|233.829|-120.835|0.005|0.005|890|890|
|891|230.359|-285.28|234.364|-92.8184|0.005|0.005|891|891|
|892|231.806|-293.121|234.756|-63.8742|0.005|0.005|892|892|
|893|233.285|-298.034|235.002|-34.2918|0.005|0.005|893|893|
|894|234.782|-299.968|235.098|-4.36672|0.005|0.005|894|894|
|895|236.28|-298.906|235.045|25.6019|0.005|0.005|895|895|
|896|237.766|-294.856|234.843|55.3148|0.005|0.005|896|896|
|897|239.224|-287.861|234.493|84.475|0.005|0.005|897|897|
|898|240.64|-277.99|233.999|112.791|0.005|0.005|898|898|
|899|241.999|-265.34|233.367|139.98|0.005|0.005|899|899|
|900|243.289|-250.04|232.602|165.771|0.005|0.005|900|900|
|901|244.495|-232.241|231.712|189.905|0.005|0.005|901|901|
|902|245.607|-212.122|230.706|212.142|0.005|0.005|902|902|
|903|246.613|-189.884|229.594|232.259|0.005|0.005|903|903|
|904|247.503|-165.748|228.387|250.055|0.005|0.005|904|904|
|905|248.268|-139.956|227.098|265.353|0.005|0.005|905|905|
|906|248.9|-112.766|225.738|278|0.005|0.005|906|906|
|907|249.393|-84.4487|224.322|287.869|0.005|0.005|907|907|
|908|249.743|-55.288|222.864|294.861|0.005|0.005|908|908|
|909|249.945|-25.5748|221.379|298.908|0.005|0.005|909|909|
|910|249.998|4.3939|219.88|299.967|0.005|0.005|910|910|
|911|249.902|34.3186|218.384|298.03|0.005|0.005|911|911|
|912|249.656|63.9004|216.905|293.115|0.005|0.005|912|912|
|913|249.264|92.8437|215.458|285.271|0.005|0.005|913|913|
|914|248.729|120.859|214.057|274.577|0.005|0.005|914|914|
|915|248.057|147.667|212.717|261.139|0.005|0.005|915|915|
|916|247.255|173|211.45|245.092|0.005|0.005|916|916|
|917|246.33|196.603|210.27|226.596|0.005|0.005|917|917|
|918|245.292|218.243|209.188|205.837|0.005|0.005|918|918|
|919|244.151|237.701|208.215|183.02|0.005|0.005|919|919|
|920|242.919|254.785|207.361|158.376|0.005|0.005|920|920|
|921|241.608|269.323|206.634|132.148|0.005|0.005|921|921|
|922|240.23|281.169|206.041|104.601|0.005|0.005|922|922|
|923|238.8|290.207|205.589|76.0087|0.005|0.005|923|923|
|924|237.333|296.344|205.283|46.657|0.005|0.005|924|924|
|925|235.842|299.521|205.124|16.8394|0.005|0.005|925|925|
|926|234.343|299.705|205.114|-13.1462|0.005|0.005|926|926|
|927|232.85|296.895|205.255|-43.0003|0.005|0.005|927|927|
|928|231.379|291.118|205.544|-72.4245|0.005|0.005|928|928|
|929|229.944|282.432|205.978|-101.125|0.005|0.005|929|929|
|930|228.559|270.925|206.553|-128.814|0.005|0.005|930|930|
|931|227.239|256.711|207.264|-155.217|0.005|0.005|931|931|
|932|225.996|239.933|208.103|-180.068|0.005|0.005|932|932|
|933|224.844|220.757|209.062|-203.12|0.005|0.005|933|933|
|934|223.792|199.377|210.131|-224.142|0.005|0.005|934|934|
|935|222.853|176.004|211.299|-242.925|0.005|0.005|935|935|
|936|222.035|150.874|212.556|-259.28|0.005|0.005|936|936|
|937|221.347|124.236|213.888|-273.045|0.005|0.005|937|937|
|938|220.795|96.358|215.282|-284.081|0.005|0.005|938|938|
|939|220.385|67.5176|216.724|-292.279|0.005|0.005|939|939|
|940|220.121|38.0033|218.2|-297.557|0.005|0.005|940|940|
|941|220.005|8.10982|219.694|-299.863|0.005|0.005|941|941|
|942|220.04|-21.864|221.193|-299.172|0.005|0.005|942|942|
|943|220.224|-51.6187|222.681|-295.493|0.005|0.005|943|943|
|944|220.555|-80.8571|224.143|-288.862|0.005|0.005|944|944|
|945|221.031|-109.287|225.565|-279.346|0.005|0.005|945|945|
|946|221.646|-136.625|226.932|-267.039|0.005|0.005|946|946|
|947|222.395|-162.596|228.231|-252.065|0.005|0.005|947|947|
|948|223.27|-186.943|229.449|-234.574|0.005|0.005|948|948|
|949|224.261|-209.422|230.573|-214.74|0.005|0.005|949|949|
|950|225.36|-229.809|231.592|-192.762|0.005|0.005|950|950|
|951|226.556|-247.899|232.497|-168.858|0.005|0.005|951|951|
|952|227.835|-263.512|233.278|-143.27|0.005|0.005|952|952|
|953|229.186|-276.493|233.928|-116.251|0.005|0.005|953|953|
|954|230.595|-286.712|234.439|-88.0716|0.005|0.005|954|954|
|955|232.049|-294.067|234.807|-59.0141|0.005|0.005|955|955|
|956|233.531|-298.484|235.028|-29.3684|0.005|0.005|956|956|
|957|235.028|-299.92|235.1|0.569352|0.005|0.005|957|957|
|958|236.525|-298.361|235.022|30.5|0.005|0.005|958|958|
|959|238.007|-293.823|234.795|60.1247|0.005|0.005|959|959|
|960|239.459|-286.35|234.422|89.1475|0.005|0.005|960|960|
|961|240.866|-276.019|233.905|117.279|0.005|0.005|961|961|
|962|242.214|-262.932|233.251|144.237|0.005|0.005|962|962|
|963|243.491|-247.22|232.466|169.754|0.005|0.005|963|963|
|964|244.682|-229.04|231.556|193.574|0.005|0.005|964|964|
|965|245.777|-208.575|230.533|215.46|0.005|0.005|965|965|
|966|246.765|-186.029|229.405|235.193|0.005|0.005|966|966|
|967|247.635|-161.627|228.185|252.577|0.005|0.005|967|967|
|968|248.378|-135.613|226.884|267.439|0.005|0.005|968|968|
|969|248.988|-108.247|225.515|279.629|0.005|0.005|969|969|
|970|249.459|-79.8026|224.092|289.028|0.005|0.005|970|970|
|971|249.785|-50.5639|222.63|295.54|0.005|0.005|971|971|
|972|249.964|-20.8228|221.142|299.102|0.005|0.005|972|972|
|973|249.993|9.12354|219.644|299.679|0.005|0.005|973|973|
|974|249.873|38.9763|218.15|297.264|0.005|0.005|974|974|
|975|249.604|68.4373|216.676|291.884|0.005|0.005|975|975|
|976|249.189|97.2127|215.236|283.591|0.005|0.005|976|976|
|977|248.633|125.015|213.845|272.469|0.005|0.005|977|977|
|978|247.941|151.568|212.516|258.63|0.005|0.005|978|978|
|979|247.12|176.605|211.263|242.211|0.005|0.005|979|979|
|980|246.178|199.878|210.098|223.378|0.005|0.005|980|980|
|981|245.125|221.154|209.033|202.319|0.005|0.005|981|981|
|982|243.97|240.222|208.078|179.244|0.005|0.005|982|982|
|983|242.727|256.892|207.243|154.385|0.005|0.005|983|983|
|984|241.406|270.997|206.537|127.988|0.005|0.005|984|984|
|985|240.021|282.398|205.965|100.318|0.005|0.005|985|985|
|986|238.587|290.982|205.535|71.6523|0.005|0.005|986|986|
|987|249.693|-49.2371|207.266|-295.932|2.995|2.995|987|987|
|988|509.447|172.594|576.563|245.38|0.005|0.005|988|988|
|989|510.31|172.594|577.79|245.38|0.005|0.005|989|989|
|990|511.173|172.594|579.017|245.38|0.005|0.005|990|990|
|991|512.036|172.594|580.243|245.38|0.005|0.005|991|991|
|992|512.899|172.594|581.47|245.38|0.005|0.005|992|992|
|993|513.762|172.594|582.697|245.38|0.005|0.005|993|993|
|994|514.625|172.594|583.924|245.38|0.005|0.005|994|994|
|995|515.488|172.594|585.151|245.38|0.005|0.005|995|995|
|996|516.351|172.594|586.378|245.38|0.005|0.005|996|996|
|997|517.214|172.594|587.605|245.38|0.005|0.005|997|997|
|998|518.077|172.594|588.832|245.38|0.005|0.005|998|998|
|999|518.94|172.594|590.059|245.38|0.005|0.005|999|999|
|1000|519.803|172.594|591.286|245.38|0.005|0.005|1000|1000|
|1001|520.666|172.594|592.512|245.38|0.005|0.005|1001|1001|
|1002|521.529|172.594|593.739|245.38|0.005|0.005|1002|1002|
|1003|522.392|172.594|594.966|245.38|0.005|0.005|1003|1003|
|1004|523.255|172.594|596.193|245.38|0.005|0.005|1004|1004|
|1005|524.118|172.594|597.42|245.38|0.005|0.005|1005|1005|
|1006|524.981|172.594|598.647|245.38|0.005|0.005|1006|1006|
|1007|525.844|172.594|599.874|245.38|0.005|0.005|1007|1007|
|1008|526.707|172.594|601.101|245.38|0.005|0.005|1008|1008|
|1009|527.57|172.594|602.328|245.38|0.005|0.005|1009|1009|
|1010|528.433|172.594|603.554|245.38|0.005|0.005|1010|1010|
|1011|529.296|172.594|604.781|245.38|0.005|0.005|1011|1011|
|1012|530.159|172.594|606.008|245.38|0.005|0.005|1012|1012|
|1013|531.022|172.594|607.235|245.38|0.005|0.005|1013|1013|
|1014|531.885|172.594|608.462|245.38|0.005|0.005|1014|1014|
|1015|532.747|172.594|609.689|245.38|0.005|0.005|1015|1015|
|1016|533.61|172.594|610.916|245.38|0.005|0.005|1016|1016|
|1017|534.473|172.594|612.143|245.38|0.005|0.005|1017|1017|
|1018|535.336|172.594|613.37|245.38|0.005|0.005|1018|1018|
|1019|536.199|172.594|614.597|245.38|0.005|0.005|1019|1019|
|1020|537.062|172.594|615.823|245.38|0.005|0.005|1020|1020|
|1021|537.925|172.594|617.05|245.38|0.005|0.005|1021|1021|
|1022|538.788|172.594|618.277|245.38|0.005|0.005|1022|1022|
|1023|539.651|172.594|619.504|245.38|0.005|0.005|1023|1023|
|1024|540.514|172.594|620.731|245.38|0.005|0.005|1024|1024|
|1025|541.377|172.594|621.958|245.38|0.005|0.005|1025|1025|
|1026|542.24|172.594|623.185|245.38|0.005|0.005|1026|1026|
|1027|543.103|172.594|624.412|245.38|0.005|0.005|1027|1027|
|1028|543.966|172.594|625.639|245.38|0.005|0.005|1028|1028|
|1029|544.829|172.594|626.866|245.38|0.005|0.005|1029|1029|
|1030|545.692|172.594|628.092|245.38|0.005|0.005|1030|1030|
|1031|546.555|172.594|629.319|245.38|0.005|0.005|1031|1031|
|1032|547.418|172.594|630.546|245.38|0.005|0.005|1032|1032|
|1033|548.281|172.594|631.773|245.38|0.005|0.005|1033|1033|
|1034|549.144|172.594|633|245.38|0.005|0.005|1034|1034|
|1035|550.007|172.594|634.227|245.38|0.005|0.005|1035|1035|
|1036|550.87|172.594|635.454|245.38|0.005|0.005|1036|1036|
|1037|551.733|172.594|636.681|245.38|0.005|0.005|1037|1037|
|1038|552.596|172.594|637.908|245.38|0.005|0.005|1038|1038|
|1039|553.459|172.594|639.135|245.38|0.005|0.005|1039|1039|
|1040|554.322|172.594|640.361|245.38|0.005|0.005|1040|1040|
|1041|555.185|172.594|641.588|245.38|0.005|0.005|1041|1041|
|1042|556.048|172.594|642.815|245.38|0.005|0.005|1042|1042|
|1043|556.911|172.594|644.042|245.38|0.005|0.005|1043|1043|
|1044|557.774|172.594|645.269|245.38|0.005|0.005|1044|1044|
|1045|558.637|172.594|646.496|245.38|0.005|0.005|1045|1045|
|1046|559.5|172.594|647.723|245.38|0.005|0.005|1046|1046|
|1047|560.363|172.594|648.95|245.38|0.005|0.005|1047|1047|
|1048|561.226|172.594|650.177|245.38|0.005|0.005|1048|1048|
|1049|562.089|172.594|651.404|245.38|0.005|0.005|1049|1049|
|1050|562.951|172.594|652.63|245.38|0.005|0.005|1050|1050|
|1051|286.779|172.594|259.992|245.38|0.005|0.005|1051|1051|
|1052|287.642|172.594|261.219|245.38|0.005|0.005|1052|1052|
|1053|288.505|172.594|262.446|245.38|0.005|0.005|1053|1053|
|1054|289.368|172.594|263.673|245.38|0.005|0.005|1054|1054|
|1055|290.231|172.594|264.899|245.38|0.005|0.005|1055|1055|
|1056|291.094|172.594|266.126|245.38|0.005|0.005|1056|1056|
|1057|291.957|172.594|267.353|245.38|0.005|0.005|1057|1057|
|1058|292.82|172.594|268.58|245.38|0.005|0.005|1058|1058|
|1059|293.683|172.594|269.807|245.38|0.005|0.005|1059|1059|
|1060|294.546|172.594|271.034|245.38|0.005|0.005|1060|1060|
|1061|295.409|172.594|272.261|245.38|0.005|0.005|1061|1061|
|1062|296.272|172.594|273.488|245.38|0.005|0.005|1062|1062|
|1063|297.135|172.594|274.715|245.38|0.005|0.005|1063|1063|
|1064|297.997|172.594|275.942|245.38|0.005|0.005|1064|1064|
|1065|298.86|172.594|277.168|245.38|0.005|0.005|1065|1065|
|1066|299.723|172.594|278.395|245.38|0.005|0.005|1066|1066|
|1067|300.586|172.594|279.622|245.38|0.005|0.005|1067|1067|
|1068|301.449|172.594|280.849|245.38|0.005|0.005|1068|1068|
|1069|302.312|172.594|282.076|245.38|0.005|0.005|1069|1069|
|1070|303.175|172.594|283.303|245.38|0.005|0.005|1070|1070|
|1071|304.038|172.594|284.53|245.38|0.005|0.005|1071|1071|
|1072|304.901|172.594|285.757|245.38|0.005|0.005|1072|1072|
|1073|305.764|172.594|286.984|245.38|0.005|0.005|1073|1073|
|1074|306.627|172.594|288.211|245.38|0.005|0.005|1074|1074|
|1075|307.49|172.594|289.437|245.38|0.005|0.005|1075|1075|
|1076|308.353|172.594|290.664|245.38|0.005|0.005|1076|1076|
|1077|309.216|172.594|291.891|245.38|0.005|0.005|1077|1077|
|1078|310.079|172.594|293.118|245.38|0.005|0.005|1078|1078|
|1079|310.942|172.594|294.345|245.38|0.005|0.005|1079|1079|
|1080|311.805|172.594|295.572|245.38|0.005|0.005|1080|1080|
|1081|312.668|172.594|296.799|245.38|0.005|0.005|1081|1081|
|1082|313.531|172.594|298.026|245.38|0.005|0.005|1082|1082|
|1083|314.394|172.594|299.253|245.38|0.005|0.005|1083|1083|
|1084|315.257|172.594|300.48|245.38|0.005|0.005|1084|1084|
|1085|316.12|172.594|301.706|245.38|0.005|0.005|1085|1085|
|1086|316.983|172.594|302.933|245.38|0.005|0.005|1086|1086|
|1087|317.846|172.594|304.16|245.38|0.005|0.005|1087|1087|
|1088|318.709|172.594|305.387|245.38|0.005|0.005|1088|1088|
|1089|319.572|172.594|306.614|245.38|0.005|0.005|1089|1089|
|1090|320.435|172.594|307.841|245.38|0.005|0.005|1090|1090|
|1091|321.298|172.594|309.068|245.38|0.005|0.005|1091|1091|
|1092|322.161|172.594|310.295|245.38|0.005|0.005|1092|1092|
|1093|323.024|172.594|311.522|245.38|0.005|0.005|1093|1093|
|1094|323.887|172.594|312.749|245.38|0.005|0.005|1094|1094|
|1095|324.75|172.594|313.975|245.38|0.005|0.005|1095|1095|
|1096|325.613|172.594|315.202|245.38|0.005|0.005|1096|1096|
|1097|326.476|172.594|316.429|245.38|0.005|0.005|1097|1097|
|1098|327.339|172.594|317.656|245.38|0.005|0.005|1098|1098|
|1099|328.201|172.594|318.883|245.38|0.005|0.005|1099|1099|
|1100|329.064|172.594|320.11|245.38|0.005|0.005|1100|1100|
|1101|329.927|172.594|321.337|245.38|0.005|0.005|1101|1101|
|1102|330.79|172.594|322.564|245.38|0.005|0.005|1102|1102|
|1103|331.653|172.594|323.791|245.38|0.005|0.005|1103|1103|
|1104|332.516|172.594|325.017|245.38|0.005|0.005|1104|1104|
|1105|333.379|172.594|326.244|245.38|0.005|0.005|1105|1105|
|1106|334.242|172.594|327.471|245.38|0.005|0.005|1106|1106|
|1107|335.105|172.594|328.698|245.38|0.005|0.005|1107|1107|
|1108|335.968|172.594|329.925|245.38|0.005|0.005|1108|1108|
|1109|336.831|172.594|331.152|245.38|0.005|0.005|1109|1109|
|1110|337.694|172.594|332.379|245.38|0.005|0.005|1110|1110|
|1111|338.557|172.594|333.606|245.38|0.005|0.005|1111|1111|
|1112|339.42|172.594|334.833|245.38|0.005|0.005|1112|1112|
|1113|340.283|172.594|336.06|245.38|0.005|0.005|1113|1113|
|1114|341.146|172.594|337.286|245.38|0.005|0.005|1114|1114|
|1115|342.009|172.594|338.513|245.38|0.005|0.005|1115|1115|
|1116|342.872|172.594|339.74|245.38|0.005|0.005|1116|1116|
|1117|343.735|172.594|340.967|245.38|0.005|0.005|1117|1117|
|1118|344.598|172.594|342.194|245.38|0.005|0.005|1118|1118|
|1119|345.461|172.594|343.421|245.38|0.005|0.005|1119|1119|
|1120|346.324|172.594|344.648|245.38|0.005|0.005|1120|1120|
|1121|347.187|172.594|345.875|245.38|0.005|0.005|1121|1121|
|1122|348.05|172.594|347.102|245.38|0.005|0.005|1122|1122|
|1123|348.913|172.594|348.329|245.38|0.005|0.005|1123|1123|
|1124|349.776|172.594|349.555|245.38|0.005|0.005|1124|1124|
|1125|350.639|172.594|350.782|245.38|0.005|0.005|1125|1125|
|1126|351.502|172.594|352.009|245.38|0.005|0.005|1126|1126|
|1127|352.365|172.594|353.236|245.38|0.005|0.005|1127|1127|
|1128|353.228|172.594|354.463|245.38|0.005|0.005|1128|1128|
|1129|354.091|172.594|355.69|245.38|0.005|0.005|1129|1129|
|1130|354.954|172.594|356.917|245.38|0.005|0.005|1130|1130|
|1131|355.817|172.594|358.144|245.38|0.005|0.005|1131|1131|
|1132|356.68|172.594|359.371|245.38|0.005|0.005|1132|1132|
|1133|357.542|172.594|360.598|245.38|0.005|0.005|1133|1133|
|1134|358.405|172.594|361.824|245.38|0.005|0.005|1134|1134|
|1135|359.268|172.594|363.051|245.38|0.005|0.005|1135|1135|
|1136|360.131|172.594|364.278|245.38|0.005|0.005|1136|1136|
|1137|360.994|172.594|365.505|245.38|0.005|0.005|1137|1137|
|1138|361.857|172.594|366.732|245.38|0.005|0.005|1138|1138|
|1139|362.72|172.594|367.959|245.38|0.005|0.005|1139|1139|
|1140|363.583|172.594|369.186|245.38|0.005|0.005|1140|1140|
|1141|364.446|172.594|370.413|245.38|0.005|0.005|1141|1141|
|1142|365.309|172.594|371.64|245.38|0.005|0.005|1142|1142|
|1143|366.172|172.594|372.867|245.38|0.005|0.005|1143|1143|
|1144|367.035|172.594|374.093|245.38|0.005|0.005|1144|1144|
|1145|367.898|172.594|375.32|245.38|0.005|0.005|1145|1145|
|1146|368.761|172.594|376.547|245.38|0.005|0.005|1146|1146|
|1147|369.624|172.594|377.774|245.38|0.005|0.005|1147|1147|
|1148|370.487|172.594|379.001|245.38|0.005|0.005|1148|1148|
|1149|371.35|172.594|380.228|245.38|0.005|0.005|1149|1149|
|1150|372.213|172.594|381.455|245.38|0.005|0.005|1150|1150|
|1151|373.076|172.594|382.682|245.38|0.005|0.005|1151|1151|
|1152|373.939|172.594|383.909|245.38|0.005|0.005|1152|1152|
|1153|374.802|172.594|385.136|245.38|0.005|0.005|1153|1153|
|1154|375.665|172.594|386.362|245.38|0.005|0.005|1154|1154|
|1155|376.528|172.594|387.589|245.38|0.005|0.005|1155|1155|
|1156|377.391|172.594|388.816|245.38|0.005|0.005|1156|1156|
|1157|378.254|172.594|390.043|245.38|0.005|0.005|1157|1157|
|1158|379.117|172.594|391.27|245.38|0.005|0.005|1158|1158|
|1159|379.98|172.594|392.497|245.38|0.005|0.005|1159|1159|
|1160|380.843|172.594|393.724|245.38|0.005|0.005|1160|1160|
|1161|381.706|172.594|394.951|245.38|0.005|0.005|1161|1161|
|1162|382.569|172.594|396.178|245.38|0.005|0.005|1162|1162|
|1163|383.432|172.594|397.405|245.38|0.005|0.005|1163|1163|
|1164|384.295|172.594|398.631|245.38|0.005|0.005|1164|1164|
|1165|385.158|172.594|399.858|245.38|0.005|0.005|1165|1165|
|1166|386.021|172.594|401.085|245.38|0.005|0.005|1166|1166|
|1167|386.884|172.594|402.312|245.38|0.005|0.005|1167|1167|
|1168|387.746|172.594|403.539|245.38|0.005|0.005|1168|1168|
|1169|388.609|172.594|404.766|245.38|0.005|0.005|1169|1169|
|1170|389.472|172.594|405.993|245.38|0.005|0.005|1170|1170|
|1171|390.335|172.594|407.22|245.38|0.005|0.005|1171|1171|
|1172|391.198|172.594|408.447|245.38|0.005|0.005|1172|1172|
|1173|392.061|172.594|409.674|245.38|0.005|0.005|1173|1173|
|1174|392.924|172.594|410.9|245.38|0.005|0.005|1174|1174|
|1175|393.787|172.594|412.127|245.38|0.005|0.005|1175|1175|
|1176|394.65|172.594|413.354|245.38|0.005|0.005|1176|1176|
|1177|395.513|172.594|414.581|245.38|0.005|0.005|1177|1177|
|1178|396.376|172.594|415.808|245.38|0.005|0.005|1178|1178|
|1179|397.239|172.594|417.035|245.38|0.005|0.005|1179|1179|
|1180|398.102|172.594|418.262|245.38|0.005|0.005|1180|1180|
|1181|398.965|172.594|419.489|245.38|0.005|0.005|1181|1181|
|1182|399.828|172.594|420.716|245.38|0.005|0.005|1182|1182|
|1183|400.691|172.594|421.942|245.38|0.005|0.005|1183|1183|
|1184|401.554|172.594|423.169|245.38|0.005|0.005|1184|1184|
|1185|402.417|172.594|424.396|245.38|0.005|0.005|1185|1185|
|1186|403.28|172.594|425.623|245.38|0.005|0.005|1186|1186|
|1187|404.143|172.594|426.85|245.38|0.005|0.005|1187|1187|
|1188|405.006|172.594|428.077|245.38|0.005|0.005|1188|1188|
|1189|405.869|172.594|429.304|245.38|0.005|0.005|1189|1189|
|1190|406.732|172.594|430.531|245.38|0.005|0.005|1190|1190|
|1191|407.595|172.594|431.758|245.38|0.005|0.005|1191|1191|
|1192|408.458|172.594|432.985|245.38|0.005|0.005|1192|1192|
|1193|409.321|172.594|434.211|245.38|0.005|0.005|1193|1193|
|1194|410.184|172.594|435.438|245.38|0.005|0.005|1194|1194|
|1195|411.047|172.594|436.665|245.38|0.005|0.005|1195|1195|
|1196|411.91|172.594|437.892|245.38|0.005|0.005|1196|1196|
|1197|412.773|172.594|439.119|245.38|0.005|0.005|1197|1197|
|1198|413.636|172.594|440.346|245.38|0.005|0.005|1198|1198|
|1199|414.499|172.594|441.573|245.38|0.005|0.005|1199|1199|
|1200|415.362|172.594|442.8|245.38|0.005|0.005|1200|1200|
|1201|416.225|172.594|444.027|245.38|0.005|0.005|1201|1201|
|1202|417.088|172.594|445.254|245.38|0.005|0.005|1202|1202|
|1203|417.95|172.594|446.48|245.38|0.005|0.005|1203|1203|
|1204|418.813|172.594|447.707|245.38|0.005|0.005|1204|1204|
|1205|419.676|172.594|448.934|245.38|0.005|0.005|1205|1205|
|1206|420.539|172.594|450.161|245.38|0.005|0.005|1206|1206|
|1207|421.402|172.594|451.388|245.38|0.005|0.005|1207|1207|
|1208|422.265|172.594|452.615|245.38|0.005|0.005|1208|1208|
|1209|423.128|172.594|453.842|245.38|0.005|0.005|1209|1209|
|1210|423.991|172.594|455.069|245.38|0.005|0.005|1210|1210|
|1211|424.854|172.594|456.296|245.38|0.005|0.005|1211|1211|
|1212|425.717|172.594|457.523|245.38|0.005|0.005|1212|1212|
|1213|426.58|172.594|458.749|245.38|0.005|0.005|1213|1213|
|1214|427.443|172.594|459.976|245.38|0.005|0.005|1214|1214|
|1215|428.306|172.594|461.203|245.38|0.005|0.005|1215|1215|
|1216|429.169|172.594|462.43|245.38|0.005|0.005|1216|1216|
|1217|430.032|172.594|463.657|245.38|0.005|0.005|1217|1217|
|1218|430.895|172.594|464.884|245.38|0.005|0.005|1218|1218|
|1219|431.758|172.594|466.111|245.38|0.005|0.005|1219|1219|
|1220|432.621|172.594|467.338|245.38|0.005|0.005|1220|1220|
|1221|433.484|172.594|468.565|245.38|0.005|0.005|1221|1221|
|1222|434.347|172.594|469.792|245.38|0.005|0.005|1222|1222|
|1223|435.21|172.594|471.018|245.38|0.005|0.005|1223|1223|
|1224|436.073|172.594|472.245|245.38|0.005|0.005|1224|1224|
|1225|436.936|172.594|473.472|245.38|0.005|0.005|1225|1225|
|1226|437.799|172.594|474.699|245.38|0.005|0.005|1226|1226|
|1227|438.662|172.594|475.926|245.38|0.005|0.005|1227|1227|
|1228|439.525|172.594|477.153|245.38|0.005|0.005|1228|1228|
|1229|440.388|172.594|478.38|245.38|0.005|0.005|1229|1229|
|1230|441.251|172.594|479.607|245.38|0.005|0.005|1230|1230|
|1231|442.114|172.594|480.834|245.38|0.005|0.005|1231|1231|
|1232|442.977|172.594|482.061|245.38|0.005|0.005|1232|1232|
|1233|443.84|172.594|483.287|245.379|0.005|0.005|1233|1233|
|1234|444.703|172.594|484.514|245.379|0.005|0.005|1234|1234|
|1235|445.566|172.594|485.741|245.379|0.005|0.005|1235|1235|
|1236|446.429|172.594|486.968|245.379|0.005|0.005|1236|1236|
|1237|447.292|172.594|488.195|245.379|0.005|0.005|1237|1237|
|1238|448.154|172.594|489.422|245.379|0.005|0.005|1238|1238|
|1239|449.017|172.594|490.649|245.379|0.005|0.005|1239|1239|
|1240|449.88|172.593|491.876|245.379|0.005|0.005|1240|1240|
|1241|450.743|172.593|493.103|245.378|0.005|0.005|1241|1241|
|1242|451.606|172.593|494.329|245.378|0.005|0.005|1242|1242|
|1243|452.469|172.593|495.556|245.378|0.005|0.005|1243|1243|
|1244|453.332|172.593|496.783|245.377|0.005|0.005|1244|1244|
|1245|454.195|172.592|498.01|245.377|0.005|0.005|1245|1245|
|1246|455.058|172.592|499.237|245.377|0.005|0.005|1246|1246|
|1247|455.921|172.592|500.464|245.376|0.005|0.005|1247|1247|
|1248|456.784|172.591|501.691|245.376|0.005|0.005|1248|1248|
|1249|457.647|172.591|502.918|245.375|0.005|0.005|1249|1249|
|1250|458.51|172.591|504.145|245.374|0.005|0.005|1250|1250|
|1251|459.373|172.59|505.371|245.374|0.005|0.005|1251|1251|
|1252|460.236|172.59|506.598|245.373|0.005|0.005|1252|1252|
|1253|461.099|172.589|507.825|245.372|0.005|0.005|1253|1253|
|1254|461.962|172.588|509.052|245.371|0.005|0.005|1254|1254|
|1255|462.825|172.588|510.279|245.37|0.005|0.005|1255|1255|
|1256|463.688|172.587|511.506|245.369|0.005|0.005|1256|1256|
|1257|464.551|172.586|512.733|245.368|0.005|0.005|1257|1257|
|1258|465.414|172.585|513.959|245.367|0.005|0.005|1258|1258|
|1259|466.276|172.585|515.186|245.366|0.005|0.005|1259|1259|
|1260|467.139|172.584|516.413|245.365|0.005|0.005|1260|1260|
|1261|468.002|172.583|517.64|245.363|0.005|0.005|1261|1261|
|1262|468.865|172.582|518.867|245.362|0.005|0.005|1262|1262|
|1263|469.728|172.58|520.093|245.36|0.005|0.005|1263|1263|
|1264|470.591|172.579|521.32|245.358|0.005|0.005|1264|1264|
|1265|471.454|172.578|522.547|245.357|0.005|0.005|1265|1265|
|1266|472.317|172.577|523.774|245.355|0.005|0.005|1266|1266|
|1267|473.18|172.575|525.001|245.353|0.005|0.005|1267|1267|
|1268|474.043|172.574|526.227|245.351|0.005|0.005|1268|1268|
|1269|474.905|172.572|527.454|245.349|0.005|0.005|1269|1269|
|1270|475.768|172.571|528.681|245.346|0.005|0.005|1270|1270|
|1271|476.631|172.569|529.908|245.344|0.005|0.005|1271|1271|
|1272|477.494|172.567|531.134|245.341|0.005|0.005|1272|1272|
|1273|478.357|172.565|532.361|245.339|0.005|0.005|1273|1273|
|1274|479.22|172.563|533.588|245.336|0.005|0.005|1274|1274|
|1275|480.082|172.561|534.814|245.333|0.005|0.005|1275|1275|
|1276|480.945|172.559|536.041|245.33|0.005|0.005|1276|1276|
|1277|481.808|172.557|537.268|245.327|0.005|0.005|1277|1277|
|1278|482.671|172.555|538.494|245.323|0.005|0.005|1278|1278|
|1279|483.534|172.552|539.721|245.32|0.005|0.005|1279|1279|
|1280|484.396|172.55|540.947|245.316|0.005|0.005|1280|1280|
|1281|485.259|172.547|542.174|245.312|0.005|0.005|1281|1281|
|1282|486.122|172.544|543.401|245.309|0.005|0.005|1282|1282|
|1283|486.985|172.541|544.627|245.304|0.005|0.005|1283|1283|
|1284|487.847|172.538|545.854|245.3|0.005|0.005|1284|1284|
|1285|488.71|172.535|547.08|245.296|0.005|0.005|1285|1285|
|1286|489.573|172.532|548.307|245.291|0.005|0.005|1286|1286|
|1287|490.435|172.528|549.533|245.286|0.005|0.005|1287|1287|
|1288|491.298|172.525|550.759|245.281|0.005|0.005|1288|1288|
|1289|492.16|172.521|551.986|245.275|0.005|0.005|1289|1289|
|1290|493.023|172.517|553.212|245.27|0.005|0.005|1290|1290|
|1291|493.886|172.513|554.439|245.264|0.005|0.005|1291|1291|
|1292|494.748|172.509|555.665|245.258|0.005|0.005|1292|1292|
|1293|495.611|172.504|556.891|245.252|0.005|0.005|1293|1293|
|1294|496.473|172.5|558.117|245.246|0.005|0.005|1294|1294|
|1295|497.336|172.495|559.344|245.239|0.005|0.005|1295|1295|
|1296|498.198|172.49|560.57|245.232|0.005|0.005|1296|1296|
|1297|499.061|172.485|561.796|245.225|0.005|0.005|1297|1297|
|1298|499.923|172.48|563.022|245.217|0.005|0.005|1298|1298|
|1299|500.785|172.475|564.248|245.209|0.005|0.005|1299|1299|
|1300|501.648|172.469|565.474|245.201|0.005|0.005|1300|1300|
|1301|502.51|172.463|566.7|245.193|0.005|0.005|1301|1301|
|1302|503.372|172.457|567.926|245.184|0.005|0.005|1302|1302|
|1303|504.235|172.451|569.152|245.176|0.005|0.005|1303|1303|
|1304|505.097|172.444|570.378|245.166|0.005|0.005|1304|1304|
|1305|505.959|172.437|571.604|245.157|0.005|0.005|1305|1305|
|1306|506.821|172.43|572.829|245.147|0.005|0.005|1306|1306|
|1307|507.683|172.423|574.055|245.137|0.005|0.005|1307|1307|
|1308|508.546|172.416|575.281|245.126|0.005|0.005|1308|1308|
|1309|509.408|172.408|576.506|245.115|0.005|0.005|1309|1309|
|1310|510.27|172.4|577.732|245.104|0.005|0.005|1310|1310|
|1311|511.132|172.392|578.957|245.092|0.005|0.005|1311|1311|
|1312|511.994|172.383|580.183|245.08|0.005|0.005|1312|1312|
|1313|512.855|172.375|581.408|245.067|0.005|0.005|1313|1313|
|1314|513.717|172.366|582.633|245.055|0.005|0.005|1314|1314|
|1315|514.579|172.356|583.859|245.041|0.005|0.005|1315|1315|
|1316|515.441|172.347|585.084|245.028|0.005|0.005|1316|1316|
|1317|516.303|172.337|586.309|245.014|0.005|0.005|1317|1317|
|1318|517.164|172.327|587.534|244.999|0.005|0.005|1318|1318|
|1319|518.026|172.316|588.759|244.984|0.005|0.005|1319|1319|
|1320|518.887|172.305|589.984|244.969|0.005|0.005|1320|1320|
|1321|519.749|172.294|591.209|244.953|0.005|0.005|1321|1321|
|1322|520.61|172.283|592.433|244.937|0.005|0.005|1322|1322|
|1323|521.472|172.271|593.658|244.92|0.005|0.005|1323|1323|
